-8147 32767 12774
-1082 32767 20032
16077 32767 23839
32767 30417 24713
32767 9047 24234
32767 -9976 22856
32767 -18850 18926
32137 -20299 11063
20760 -24077 1928
663 -31700 -2140
-20040 -32767 2250
-32767 -29176 11250
-32767 -26789 19148
-32767 -32767 25483
-32767 -32767 32570
-32767 -32767 32767
-32767 -32767 32767
-32767 3736 32767
-32767 32767 28351
11668 32767 20024
32767 32767 10719
32767 32767 1208
32767 10815 -4635
32767 -8760 -3240
32767 -19972 5003
32767 -25468 16436
32767 -32767 27820
-9516 -32767 32767
-32767 -32767 32767
-32767 -14863 32767
-32767 22621 32767
-32767 32767 22997
-26221 32767 15905
-7834 19782 14449
10928 7551 15223
32767 10168 14461
32767 19779 11352
32767 25950 9210
32767 23512 12360
20060 12468 20616
-8214 -866 28353
-24283 -8730 30875
-24479 -7291 28721
-15030 1775 24823
-9119 10980 20502
-12948 12178 15591
-18273 4133 10094
-17690 -8313 4251
-21675 -21070 587
-32767 -32767 3542
-32767 -32767 13585
-32767 -32767 23681
-32767 -32767 26033
-32767 -17385 21042
-32767 8682 16051
-20899 30197 16346
8588 32767 19679
22986 32767 21388
17675 32767 20803
9228 32767 20842
15278 32767 22359
30132 32767 22393
32767 32767 19486
24747 25885 15976
18732 13030 13921
20092 8368 13860
15427 7072 16209
-12643 -365 21098
-32767 -15087 26780
-32767 -27493 28034
-32767 -31645 20243
-32767 -31780 5553
-32767 -31905 -7082
-32767 -30309 -10264
-32767 -25470 -4713
-7204 -20963 3925
6968 -20109 10851
7434 -19245 13991
3660 -12787 13249
13214 -3486 9750
32767 1491 5096
32767 1403 1760
32767 207 4304
32767 -457 16769
32767 -2824 32767
10018 -7147 32767
-32767 -6889 32767
-32767 1184 32767
-32767 10568 22288
-32767 13105 9210
-22360 7334 7189
7856 -1176 12229
32767 -3880 16572
32767 2110 17044
32767 8952 15606
32767 8740 13636
15655 7434 9656
-3978 16578 1276
-4784 32767 -9665
12988 32767 -15795
29038 32767 -10038
16392 32767 7367
-27782 9828 27593
-32767 -32767 32767
-32767 -32767 32767
-32767 -32767 32767
-32767 -32767 30999
-27651 -28314 23883
9931 -10083 16550
27455 -4145 9911
29418 -12 7435
32767 11199 11355
32767 26951 18824
32767 32767 25244
9129 29815 29500
-32767 14216 31172
-32767 -3721 28324
-32767 -13095 20545
-15948 -6048 12117
24631 11696 9643
32767 24936 14437
32767 26426 20847
32767 23208 22844
27030 23627 20329
6484 23512 18047
-17261 9754 18744
-32767 -19465 18676
-32767 -32767 12166
-32767 -32767 643
-32767 -32767 -5736
-32767 -32767 925
-32767 -32767 16273
-32767 -9721 28290
-32767 11472 30074
-22268 14982 24716
16710 3326 18912
32767 -8333 16156
32767 -7511 16037
32767 5042 17402
32767 22641 19978
32767 32767 21879
32767 32767 19313
32767 32767 10310
32767 32767 -2004
32767 32767 -10844
24403 32767 -9463
-20862 32767 2968
-32767 21475 19518
-32767 -15739 31477
-32767 -32767 32767
-32767 -32767 27637
-32767 -32767 14374
-32767 -32767 -1268
-32767 -32767 -12336
-4541 -23700 -11401
6789 -22406 2347
6117 -20458 20799
-3581 -13911 32767
-17688 -1785 32767
-25140 17380 32767
-15665 32767 32239
6268 32767 28509
24470 32767 24046
28872 27820 20046
27787 996 18208
32767 -16104 16623
32767 -20758 11150
32767 -19058 1210
27690 -16094 -6430
-4035 -12947 -2926
-28733 -11349 11917
-32767 -15060 27759
-32767 -23185 32767
-27956 -28040 25646
-5782 -23050 10873
27040 -7411 -3727
32767 13816 -14532
32767 32662 -20058
32767 32767 -16830
22906 32767 -1587
-18596 32767 21867
-32767 32767 32767
-32767 32767 32767
-32767 13135 32767
-32767 -3324 30011
-32767 -11866 16375
-32437 -18271 9816
-20154 -28304 10043
-24442 -32767 12575
-32767 -32767 13186
-32767 -32767 10191
-32767 -32767 4217
-32767 -32767 -2469
-32767 -32767 -5485
-32767 -20818 -195
-32767 13996 13468
-31055 29485 29806
-3620 20656 32767
27534 4697 32767
32767 -2175 32767
32767 2407 32767
32767 13879 24694
20030 30442 10371
-13330 32767 -3681
-32767 32767 -11204
-32767 32767 -11350
-32767 32767 -7270
-32767 16908 -988
-32767 919 6909
-32767 -7044 14408
-32767 -10018 19267
-19226 -8912 21407
32767 -4417 20911
32767 1139 17127
32767 896 11333
32767 -9948 7545
32767 -25662 8577
32767 -32767 13621
-13420 -32767 19593
-32767 -28112 22391
-32767 -23273 20027
-32767 -19065 16205
-31614 -13904 15557
-9268 -6805 17181
-3797 150 17721
-21886 2075 16095
-32767 22 13208
-32767 732 9191
-32767 6422 2831
-32767 13966 -4869
-32767 21130 -8265
-32767 28899 -2347
-3826 32767 10269
32767 32767 21604
32767 32767 26914
32767 16291 27786
32767 -92 26900
32767 -7896 23016
16569 -9342 13704
12603 -9466 648
22534 -11089 -9444
32767 -12543 -10624
32767 -10677 -3666
32767 -4612 5575
31346 3796 11951
10556 8870 15012
-17124 4545 18018
-32767 -7336 23116
-32767 -19230 27993
-32767 -26379 27211
-32767 -29221 19065
-32767 -29730 9602
-32767 -27340 6298
-32767 -21210 9587
-32767 -14113 13991
-32767 -8350 16080
-32767 -3668 18026
-32767 -664 21726
10598 -180 24268
32767 -1486 21439
32767 -2579 13378
32767 -1106 5699
32767 3291 4431
32767 8727 9836
32767 13489 16514
32767 16059 19778
32767 16591 19898
32767 18054 19296
32767 23607 17451
14633 31113 11725
-28073 32662 3659
-32767 22901 -609
-32767 5758 2929
-32767 -9831 10761
-32767 -20414 14174
-32767 -29823 9522
-32767 -32767 2695
-32767 -32767 494
-32767 -32767 2381
-32767 -32767 3060
-32767 -16843 1436
-32767 1885 1595
-4161 23138 5427
32767 32767 10016
32767 32767 12224
32767 32767 12358
32767 28169 12991
32767 4228 15942
32767 -14271 21037
29293 -27663 26753
12417 -32767 31886
7536 -32767 32767
24591 -32767 32767
32767 -32767 30522
32767 -26049 22026
32767 4465 15348
10008 28304 13049
-32450 32767 12351
-32767 32767 9534
-32767 32767 4918
-32767 26062 2047
-32767 112 3547
-32767 -21457 6965
-32767 -32767 7301
-28351 -32767 3854
-10638 -32767 1407
5137 -32767 3873
25189 -16241 8884
32767 9609 10907
32767 26039 8596
32767 32125 6573
32767 32767 8993
32767 32514 14846
32767 23760 19944
5142 6770 22308
-32767 -10867 24482
-32767 -18229 28533
-32767 -10036 31433
-32767 8488 28660
-32767 28115 20857
-32767 32767 12604
-32767 32767 6817
-32767 32767 3104
-32767 13327 -173
-32767 -5336 -3652
-32767 -11819 -6422
-32767 -5451 -7216
-32767 3289 -6028
-32767 3808 -3912
-32353 -3381 -1254
4628 -8710 2267
32767 -4792 6931
32767 7501 12034
32767 20336 15693
32767 25305 15805
32767 19497 12107
32767 6388 6924
32767 -7571 3287
32767 -16483 2844
19943 -16543 5607
-32767 -10131 11579
-32767 -8450 19949
-32767 -20893 27192
-32767 -32767 28041
-32767 -32767 20085
-32767 -32767 7386
-32767 -32767 -2512
-32767 -26796 -5405
-32767 -19073 -2486
-32767 -12493 2456
-32767 -9244 6369
-32767 -10653 8589
-32767 -14029 10026
-32767 -13966 10870
-10370 -8175 10281
30777 -142 8492
32767 6472 8528
32767 12001 14242
32767 17936 25429
32767 24224 32767
32767 29673 32767
32767 32767 32767
14444 32767 26921
-21159 32767 19065
-32767 32767 12604
-32767 23423 6381
-27135 2055 217
-8960 -16583 -4093
5764 -27453 -4212
10504 -31678 56
8437 -29568 5281
7323 -20229 7119
9365 -4457 4319
7075 14386 -721
-9874 28681 -4713
-32767 29708 -6347
-32767 16913 -6534
-32767 -77 -5500
-32767 -9679 -1565
-32767 -6248 5346
-32767 7189 12360
-32767 21827 17478
-32767 29420 21651
-32767 27181 25765
-32767 16076 27584
-32767 -2132 24660
-32767 -22763 18332
-32767 -32767 11647
-32767 -32767 5478
-32767 -32767 -519
-32767 -32767 -4502
-32767 -21225 -3019
-20981 -1870 4385
898 17200 13410
25934 29915 19058
32767 32767 19783
32767 29897 17453
32767 22948 14797
32767 15135 13322
32767 6018 13307
32767 -4310 13719
29199 -12193 12633
15936 -13749 9115
4382 -9701 4385
-10772 -5913 1142
-32428 -8672 1251
-32767 -18306 3912
-32767 -27975 6547
-32767 -29311 7177
-32767 -20034 5668
-32767 -6657 3820
-20598 1034 3886
-14430 -1845 6439
-24698 -12550 10106
-32767 -25315 13242
-32767 -32767 15189
-32767 -32634 15705
-32767 -20106 14807
-32767 -3973 13371
-32767 6750 12572
-30261 9828 13142
-25872 8642 14753
-20574 6972 16224
-9107 6395 16482
9000 7049 14883
29279 9299 11440
32767 12660 7520
32767 16218 5524
32767 20334 7299
32767 23560 12314
23770 22489 16920
308 18036 16820
-22018 15307 10858
-32767 16109 2323
-32767 16655 -4097
-32767 12830 -6615
-32767 6402 -6135
-32767 2912 -3345
-32767 3811 1707
-32767 5351 7572
-19204 3888 11209
6276 -1096 10661
24705 -7946 7289
27298 -14004 4290
13844 -16463 2576
-12861 -14288 134
-32767 -10857 -3382
-32767 -10600 -4689
-32767 -13347 -1144
-32767 -15265 5845
-32767 -13986 12823
-32767 -10630 17899
-32767 -7893 20915
-25120 -8033 21422
9437 -10942 18605
32767 -13317 13135
32767 -11452 7764
32767 -4917 5244
32767 3781 6099
32767 11929 8886
32767 17911 11642
32767 21592 13047
17675 23937 13079
-4474 24816 12898
-29517 21872 14242
-32767 13165 17407
-32767 792 19691
-32767 -9357 18121
-32767 -13969 12925
-32767 -16126 6785
-32767 -20349 1346
-32767 -27613 -3423
-21169 -32767 -6607
-9812 -32767 -5938
-4561 -32767 -757
203 -20881 6225
10747 -4220 11306
28018 12268 13385
32767 24479 14379
32767 30677 16548
32767 32272 19691
29951 30939 21363
7080 26352 19479
-13998 18960 13772
-29661 11931 5641
-32767 8865 -2147
-32767 10927 -6354
-26420 15377 -5173
-13134 17312 696
-7673 10825 8450
-18847 -8018 14715
-32767 -32767 16884
-32767 -32767 13770
-32767 -32767 6113
-32767 -32767 -3068
-32767 -32767 -9565
-32767 -18378 -10607
-32767 -1366 -6763
-32767 9102 -1035
-29574 15322 3910
-20157 20763 7722
-11462 27221 11671
-1742 32767 16414
7668 32767 21273
15122 32657 24996
21060 27096 26386
25720 21532 25018
25442 15946 22067
16335 8313 19021
-1543 -427 15659
-23298 -5054 10486
-32767 -3141 3323
-32767 1631 -3175
-32767 5166 -6211
-32767 6105 -6006
-32767 3850 -5171
-32767 -1910 -5225
-32269 -8997 -5015
-22345 -12847 -3029
-12983 -11494 122
-5345 -7731 2374
1377 -4827 2844
9407 -3331 2939
18933 -2974 4976
27020 -4230 9716
29839 -7678 15413
24976 -13419 19501
12876 -20696 20428
-3923 -27218 17967
-22311 -29216 13096
-32767 -24851 7776
-32767 -16613 4202
-32767 -8852 3579
-32767 -3436 5541
-32767 944 8801
-23881 5484 12224
-13760 8954 14960
-4330 9796 15993
2134 8650 14588
2037 6832 11204
-8137 3758 7279
-29653 -1234 4041
-32767 -6375 1643
-32767 -9406 -380
-32767 -10613 -2157
-32767 -12156 -3413
-32767 -14358 -3966
-32767 -14203 -3708
-32767 -8395 -2286
-16886 2265 562
3911 13142 4477
21765 20446 8747
32767 24009 12811
32767 25300 16441
32767 25165 19389
32767 23682 21093
32767 20686 21215
32767 15776 20117
32767 8145 18284
4010 -1338 15576
-32767 -8480 11574
-32767 -9744 6527
-32767 -7636 1329
-32767 -8870 -3204
-32767 -16483 -6656
-32767 -26564 -9098
-32767 -32767 -10812
-32767 -32767 -11998
-32767 -26127 -12538
-32767 -14630 -11842
-32767 -1179 -9037
-17107 11963 -3647
6817 22688 3710
28869 29151 11615
32767 31433 18785
32767 30951 24377
32767 28317 27747
32767 22986 28426
32767 14987 26325
16504 6328 21974
-12834 -315 16760
-32767 -4215 12032
-32767 -6864 7922
-32767 -10535 3771
-32767 -16501 -421
-32767 -23440 -3718
-32767 -28571 -5449
-32767 -30087 -5931
-32767 -27563 -5862
-32767 -21235 -5383
-21187 -12842 -3932
-6906 -5683 -1035
6211 -1803 2914
15780 -210 6946
19948 1041 10491
18757 2345 13685
13995 2837 16526
7824 2033 18264
1677 782 17977
-4196 57 15442
-10474 -62 11508
-18246 -307 7574
-28395 -1396 4662
-32767 -3191 2995
-32767 -4692 2211
-32767 -5052 1955
-32767 -4465 2043
-32767 -3753 2381
-32767 -3451 2753
-30892 -3648 2958
-22038 -3855 3153
-13745 -2862 3805
-5665 342 5254
1675 5139 7223
7065 9304 9076
9710 11050 10425
9611 10338 11304
7531 8133 11847
4678 5728 12112
1730 4507 12170
-1720 4315 12007
-6030 3326 11491
-10824 784 10508
-15757 -2105 9266
-20164 -4472 8248
-22859 -6460 7810
-22787 -7878 7866
-21132 -7951 8107
-21926 -6907 8207
-28157 -6358 7725
-32767 -7546 6271
-32767 -9594 3910
-32767 -10253 1354
-32767 -8345 -265
-32767 -4647 -187
-23574 -742 1453
-11889 2540 3907
-3171 5439 6405
3531 8370 8399
9961 11072 9502
16417 12615 9641
21249 12261 9281
22688 10233 9156
21015 7444 9753
18296 4767 11068
16206 2742 12915
14020 1593 14919
8362 639 16587
-2675 -1673 17414
-16837 -6118 16772
-30507 -10692 14162
-32767 -12625 9775
-32767 -11976 4896
-32767 -11232 1018
-32767 -12430 -1541
-32767 -15871 -3423
-32767 -20461 -5042
-32767 -23702 -6018
-32767 -22683 -5953
-32767 -16748 -5208
-32767 -8513 -4329
-32767 -1291 -3194
-32767 3771 -1142
-32767 7708 2184
-29365 11881 6296
-16144 16473 10086
-4841 20646 12497
4412 23632 13173
12149 24996 12540
17725 24359 11382
19623 22029 10415
17301 18913 9957
11782 15469 9738
5231 12093 9212
7 9509 8231
-2834 7778 7068
-4405 5963 5884
-6854 3346 4648
-11199 242 3406
-16837 -2512 2344
-22688 -4367 1575
-27879 -5219 1076
-31981 -5229 876
-32767 -4667 1076
-32767 -4632 1631
-32767 -6617 2245
-32767 -10640 2542
-32767 -15032 2352
-32767 -18353 1670
-32767 -20201 643
-32767 -20508 -363
-32767 -19242 -859
-32767 -16790 -548
-32767 -14021 377
-32767 -11694 1414
-32767 -10046 2189
-32767 -8697 2751
-32767 -7132 3379
-32767 -5434 4173
-28336 -4235 5015
-24775 -3918 5823
-21842 -4225 6627
-18812 -4627 7396
-15752 -5052 7888
-13497 -5753 7795
-12690 -6737 7087
-12980 -7791 6164
-13390 -8652 5526
-13191 -8800 5358
-12318 -7768 5558
-11033 -5918 5914
-9539 -4145 6313
-8077 -2934 6734
-7072 -2437 7148
-6824 -2599 7472
-6998 -2954 7647
-6913 -2847 7676
-6273 -2108 7640
-5412 -1196 7684
-4725 -370 7983
-4204 819 8528
-3615 2659 9169
-2665 4774 9799
-1412 6685 10427
-556 8230 11021
-680 9431 11435
-1467 10293 11528
-2119 10927 11321
-2516 11444 10965
-3216 11599 10605
-4673 11062 10281
-6841 10011 9867
-9273 8827 9234
-11643 7454 8397
-13829 5621 7554
-15700 3646 6887
-17082 2290 6388
-17894 1753 5948
-18353 1396 5619
-18911 639 5573
-19839 -434 5821
-21028 -1428 6135
-22167 -2190 6269
-23008 -2759 6196
-23430 -3069 6079
-23204 -2969 6135
-22167 -2272 6491
-20559 -1211 7075
-19110 -484 7669
-18459 -459 8049
-18559 -859 8122
-18824 -1209 7925
-18886 -1256 7586
-18832 -1114 7277
-18844 -784 7138
-18745 32 7236
-18142 1269 7501
-16943 2210 7774
-15613 2335 7900
-14765 2090 7844
-14504 2175 7708
-14559 2592 7640
-14779 2832 7684
-15199 2589 7791
-15663 2235 7915
-15812 2212 7995
-15440 2472 7976
-14799 2412 7827
-14546 1221 7615
-15184 -1201 7442
-16437 -3816 7447
-17472 -5424 7674
-17770 -5796 7988
-17534 -5424 8170
-17196 -4914 8127
-17030 -4809 7959
-17124 -5279 7788
-17514 -6098 7657
-18187 -6889 7537
-18837 -7039 7484
-18834 -5923 7598
-17772 -3763 7905
-16095 -1651 8282
-14690 -385 8562
-14003 202 8713
-13889 634 8769
-13963 1251 8733
-13884 2140 8570
-13556 3041 8312
-13184 3586 8080
-12968 3975 8034
-12832 4767 8243
-12596 6023 8616
-12335 7112 8952
-12266 7476 9091
-12457 7177 9013
-12839 6507 8825
-13472 5491 8599
-14487 4078 8314
-15772 2480 7951
-16990 889 7591
-18055 -984 7338
-19214 -3409 7221
-20519 -5861 7211
-21477 -7319 7279
-21477 -7386 7379
-20507 -6675 7474
-19211 -6078 7518
-18308 -5851 7498
-18018 -5618 7462
-18038 -5116 7462
-17874 -4417 7518
-17293 -3708 7620
-16504 -3311 7747
-15993 -3576 7881
-16057 -4342 8019
-16507 -4982 8127
-16896 -5214 8141
-16936 -5102 8071
-16559 -4535 8007
-15906 -3336 8061
-15288 -1790 8234
-14973 -437 8421
-14904 579 8523
-14856 1356 8545
-14673 1845 8509
-14420 1945 8424
-14239 1755 8273
-14211 1703 8063
-14288 2110 7832
-14306 2807 7657
-14241 3344 7603
-14286 3521 7657
-14623 3463 7776
-15219 3216 7915
-15889 2502 8027
-16497 1176 8073
-16948 -322 8063
-17164 -1388 8049
-17172 -2105 8058
-17060 -3191 8097
-16881 -4667 8180
-16569 -5434 8336
-16075 -4764 8516
-15445 -3269 8648
-14866 -1878 8679
-14529 -809 8648
-14412 125 8589
-14345 659 8540
-14266 380 8482
-14281 -372 8416
-14405 -494 8375
-14479 632 8380
-14412 2335 8433
-14288 3311 8533
-14172 2969 8662
-14040 1983 8796
-13849 1326 8891
-13720 1146 8940
-13777 1009 8998
-13980 607 9154
-14157 -170 9407
-14157 -1568 9716
-13948 -3873 10016
-13593 -6605 10276
-13169 -8587 10452
-12782 -9234 10510
-12559 -9084 10478
-12504 -8860 10413
-12524 -8622 10349
-12432 -8033 10291
-12181 -6947 10250
-11975 -5613 10225
-12030 -4490 10225
-12333 -3918 10240
-12628 -3843 10281
-12693 -3863 10332
-12541 -3548 10347
-12330 -2779 10303
-12189 -1698 10198
-12189 -589 10062
-12308 267 9916
-12494 759 9811
-12665 909 9775
-12794 859 9833
-12911 834 9967
-13042 1051 10123
-13172 1466 10203
-13231 1878 10179
-13179 2212 10067
-13092 2505 9938
-13090 2682 9853
-13204 2632 9841
-13380 2360 9872
-13521 2075 9906
-13559 1953 9926
-13502 1928 9945
-13447 1730 9970
-13440 1281 9989
-13464 829 9977
-13467 737 9926
-13459 1316 9853
-13507 2522 9753
-13648 3915 9638
-13866 5029 9519
-14134 5811 9405
-14407 6510 9295
-14626 7114 9205
-14631 7509 9137
-14253 8183 9027
-13837 9511 8842
-13918 10887 8633
-14571 11422 8458
-15313 11045 8319
-15722 10463 8122
-15839 10081 7837
-15911 9581 7564
-16008 8770 7433
-16052 7976 7442
-16062 7499 7489
-16137 7167 7484
-16306 6645 7447
-16445 5836 7440
-16469 4927 7472
-16469 4255 7440
-16660 4200 7267
-17182 5069 6953
-17874 6540 6620
-18459 7406 6374
-18737 6615 6257
-18656 4158 6254
-18288 864 6379
-17715 -2185 6659
-17075 -4218 7097
-16479 -5296 7620
-15911 -5863 8114
-15338 -5998 8463
-14799 -5836 8587
-14422 -5968 8575
-14189 -6792 8657
-13921 -7798 8993
-13442 -8145 9500
-12727 -7626 9999
-11906 -6585 10342
-11286 -5331 10517
-11127 -4218 10559
-11457 -3658 10527
-12040 -3726 10449
-12514 -3875 10354
-12653 -3416 10291
-12519 -2172 10281
-12363 -684 10267
-12372 27 10196
-12407 -757 10111
-12214 -2662 10152
-11765 -4355 10398
-11276 -4904 10817
-10903 -4702 11316
-10544 -4842 11851
-10003 -5763 12414
-9310 -6874 12991
-8655 -7474 13578
-8216 -7459 14179
-8109 -7174 14758
-8338 -6932 15240
-8908 -6672 15508
-9836 -6000 15477
-11090 -4662 15082
-12516 -2904 14366
-13884 -1196 13512
-14941 280 12764
-15539 1668 12295
-15884 3216 12034
-16330 4874 11815
-17117 6457 11501
-18154 8023 11055
-19271 9491 10442
-20321 10308 9697
-21137 10036 8954
-21517 9179 8404
-21452 8508 8180
-20951 7848 8358
-19986 6435 8957
-18668 4238 9848
-17273 2215 10700
-16040 1061 11182
-15172 592 11109
-14993 509 10449
-15713 797 9312
-17057 1413 7956
-18482 2282 6622
-19742 3281 5407
-20834 4078 4360
-21636 4442 3550
-22065 4582 2970
-22206 4502 2556
-22239 3888 2344
-22311 2729 2466
-22586 1543 2975
-23182 614 3761
-23996 -484 4764
-24507 -2140 6084
-24179 -4093 7727
-22988 -5881 9405
-21268 -7476 10771
-19405 -9014 11703
-17894 -10138 12185
-17271 -10263 12049
-17526 -9641 11170
-18005 -9164 9860
-18115 -9062 8730
-17923 -8650 8153
-17802 -7396 8088
-17961 -5521 8273
-18504 -3329 8438
-19688 -569 8331
-21685 2889 7735
-24422 6477 6530
-27643 9661 4818
-30755 12408 2958
-32767 14610 1432
-32767 15779 606
-32767 15512 679
-31209 14019 1687
-28571 11993 3330
-26149 10041 5125
-24338 7986 6809
-22648 5097 8443
-20348 1321 10069
-17328 -2532 11413
-14095 -5861 12195
-10745 -8935 12633
-6980 -12106 13210
-2936 -14705 14094
561 -15494 14904
2419 -14108 15153
2236 -11686 14756
402 -9774 13979
-2715 -8675 13005
-6968 -7788 11827
-12003 -6802 10508
-17306 -5781 9249
-22519 -4627 8270
-27363 -3016 7615
-31321 -1036 7121
-32767 712 6520
-32767 1925 5648
-32767 2967 4587
-32767 4417 3460
-32767 6605 2218
-32767 9027 755
-32767 10765 -867
-32767 11751 -2323
-32767 12660 -3192
-32767 13789 -3257
-32767 14138 -2576
-32767 12153 -993
-30336 7374 2079
-15343 974 6909
2223 -4904 12482
18112 -9187 17200
28946 -12920 20351
32767 -16918 22206
32767 -20156 23014
28939 -21395 22683
23308 -20781 21356
17447 -19108 19759
11588 -16965 18656
5531 -14833 18164
-536 -13210 17872
-5864 -12365 17320
-9725 -12028 16346
-11802 -11694 15114
-12502 -10977 13909
-13008 -9848 12962
-14276 -8735 12390
-16251 -7786 12158
-18353 -6432 12127
-20673 -4150 12097
-23881 -1368 11942
-28323 919 11447
-32767 2080 10410
-32767 2407 8959
-32767 2852 7411
-32767 3955 5928
-32767 5384 4480
-32767 6510 3092
-32767 7059 2018
-32767 7187 1558
-32767 7052 1743
-32767 6685 2240
-32767 6090 2698
-32767 5371 3060
-32767 4789 3445
-30847 4422 3961
-28140 4163 4752
-26353 4287 5906
-25507 4872 7357
-25135 5241 8940
-24442 4877 10330
-23154 3890 11119
-21504 2417 11197
-19755 542 10868
-18494 -1318 10379
-18737 -2699 9712
-21194 -3611 8801
-25720 -4602 7640
-31733 -5813 6223
-32767 -6360 4523
-32767 -5289 2510
-32767 -2677 100
-32767 352 -2727
-32767 2739 -5702
-32767 4670 -8299
-32767 6722 -10320
-32767 8518 -12088
-32767 9639 -13892
-32767 10081 -15085
-32767 9579 -14108
-32767 7389 -9629
-32767 3391 -1909
-22197 -352 7187
442 -1311 15613
16705 407 21524
22410 1636 23143
18291 -542 20144
9412 -4784 14481
442 -7187 8911
-7055 -6685 5040
-13588 -5234 2824
-20606 -3723 1573
-29623 -1810 601
-32767 -447 -1215
-32767 -1341 -5117
-32767 -5116 -11075
-32767 -10662 -17142
-32767 -15569 -20353
-32767 -18226 -18715
-32767 -19420 -12886
-32767 -19912 -4808
-32767 -19247 4321
-15206 -16740 13724
5673 -12041 22306
20142 -6440 28711
28944 -1848 31620
32767 1191 30861
32767 3376 27830
32767 4495 25037
32767 2917 24872
32767 -1316 28015
32767 -5084 32767
32767 -5474 32767
32767 -3071 32767
32767 -1181 32767
32767 -2437 32767
32767 -6600 32767
32767 -11651 32767
29125 -15876 27649
5075 -18356 22637
-16487 -18721 19175
-32767 -17322 17005
-32767 -15017 15421
-32767 -12715 13760
-32767 -10692 11917
-32767 -8255 10232
-32767 -4662 8891
-32767 -392 7554
-32767 3079 5597
-32767 5002 2483
-32767 6520 -1811
-32767 9509 -6637
-32767 14281 -10946
-32767 19312 -13719
-32767 22549 -14206
-32767 22743 -11973
-32767 21213 -7766
-32767 20301 -3279
-32767 21113 516
-13975 23265 4175
963 24579 8514
7648 22454 12923
7918 16640 16190
5360 9426 17923
2119 3369 18245
-2417 -1026 17283
-10018 -4402 15070
-22318 -7281 11635
-32767 -9559 7525
-32767 -10735 3837
-32767 -11429 1926
-32767 -12256 2878
-32767 -12897 6702
-32485 -13502 11932
-20177 -14833 16219
-15760 -16948 17281
-17492 -18271 13940
-22018 -17167 6987
-27214 -14298 -1305
-32621 -10910 -8852
-32767 -7057 -15068
-32767 -2579 -20355
-32767 1666 -24628
-32767 4612 -26719
-32767 6437 -25592
-32767 7686 -21032
-32767 8348 -12803
-32767 7673 -304
-17998 4128 16197
9804 -1835 32767
30313 -6023 32767
32767 -6110 32767
32767 -5381 32767
31227 -7579 32767
21693 -12560 19455
15216 -17237 8540
11586 -19337 1507
7152 -18915 -2164
-1208 -16441 -3416
-14191 -12128 -3369
-29623 -7147 -3033
-32767 -3246 -3143
-32767 -647 -4329
-32767 1710 -6593
-32767 3923 -9139
-32767 6163 -10427
-32767 8592 -8893
-32767 10051 -4820
-32767 11352 299
-32767 14308 6135
-32767 17457 14973
3122 17634 28297
32767 11854 32767
32767 -664 32767
32767 -15075 32767
32767 -25106 32767
32767 -28699 25346
32767 -26559 5536
-2233 -20046 -10422
-32767 -11337 -17911
-32767 -1673 -17619
-32767 8513 -14038
-32767 17979 -10447
-32767 24771 -7041
-32767 27785 -3360
-32767 27001 1271
-25904 21662 8949
25671 11839 20828
32767 -549 32767
32767 -12635 32767
32767 -21425 32767
32767 -26379 28426
22149 -29430 17395
-2062 -31436 10532
-16705 -30839 8482
-28090 -25722 9395
-32767 -17667 11985
-32767 -11541 14702
-32767 -9876 14094
-32767 -9931 6756
-32767 -8051 -6931
-32767 -4208 -21558
-32767 2080 -28764
-32767 12760 -21897
-32767 24811 -1239
-17445 32767 24901
16154 32767 32767
32767 27653 32767
32767 16513 32767
32767 3995 32767
32767 -8208 32767
32767 -18141 32767
32767 -22881 26515
31073 -21817 14741
-3375 -16980 4850
-32767 -10915 -2564
-32767 -6540 -9273
-32767 -5439 -16083
-32767 -6080 -20937
-32767 -4807 -21154
-32767 -2 -16657
-32767 6368 -10442
-32767 12508 -5806
-32767 15814 -3822
-32767 12860 -3340
-32767 5027 -3107
-32767 -2090 -3610
-32767 -3566 -4497
-32767 737 -935
-13782 5926 12217
21695 7217 31890
32767 3468 32767
32767 -2832 32767
32767 -8812 32767
32767 -13344 32767
32767 -14873 32767
18407 -11973 18225
-8660 -5294 2727
-31318 2859 -9159
-32767 8810 -16022
-32767 10136 -16818
-32767 8213 -12606
-32767 6657 -7365
-32767 9299 -6121
-32767 17512 -12002
-32767 28534 -20470
-32767 32767 -17765
-27695 32767 5738
24135 32767 32767
32767 16298 32767
32767 -365 32767
32767 -8066 32767
32767 -9996 32767
32767 -14341 32767
25375 -23388 21643
-5402 -32552 -9086
-32767 -32767 -31362
-32767 -32767 -32767
-32767 -24591 -32767
-32767 -8625 -32609
-32767 8078 -32767
-32767 19969 -32767
-32767 24496 -32767
-32767 23163 -32767
-32767 17524 -25305
-32767 8690 11406
27685 -709 32767
32767 -7728 32767
32767 -9951 32767
32767 -7326 32767
32767 -3036 32767
-82 -709 27589
-20288 -3920 -1551
-21293 -13924 -18050
-5596 -24738 -14057
19283 -26926 6695
32767 -17677 32767
32767 -4285 32767
32767 4325 32767
32767 5151 32767
32767 -951 32767
28790 -10987 26639
-5496 -19694 9612
-31026 -22189 -1534
-32767 -17212 -6956
-32767 -8200 -9268
-32767 -961 -10330
-32767 1858 -10133
-32767 1750 -7998
-32767 -554 -4448
-32767 -4580 -984
-32767 -6685 2096
-32767 -3723 5804
-32767 2902 10858
-32767 9671 15827
-30959 14825 16538
-25648 18895 9529
-25738 23428 -2863
-28862 28809 -11822
-26338 32767 -10824
-16953 32767 -3584
-10819 32767 662
-16971 28701 -2162
-32767 21715 -8806
-32767 13689 -15705
-32767 6834 -23153
-32767 1139 -30147
-32767 -5618 -29188
-32767 -11896 -11109
6638 -12261 24959
32767 -7114 32767
32767 -2497 32767
32767 -1161 32767
32767 -3578 32767
32767 -10310 32767
32767 -20394 32767
32767 -28956 32767
32767 -29678 20153
19966 -23787 1641
-3682 -20496 -11175
-32767 -24738 -19966
-32767 -30696 -31771
-32767 -29763 -32767
-32767 -20439 -32767
-32767 -9292 -32767
-32767 -2772 -32767
-32767 -699 -24239
-32767 352 998
-32767 2277 20209
-14236 8582 30839
6692 22064 32767
12971 32767 32426
12871 32767 32767
22534 32767 32767
32767 31668 32767
32767 21814 32767
32767 8925 32767
32767 -7197 32767
32767 -20541 32767
32767 -26342 32767
30961 -25483 23138
6678 -20291 -3968
-16703 -12488 -24351
-32767 -3840 -32767
-32767 2290 -31255
-32767 2579 -23623
-32767 -1353 -17125
-32767 -2917 -14332
-32767 1558 -13217
-32767 8295 -9819
-32767 12393 -1746
-32767 14416 9626
-12459 17320 20689
5293 19909 28657
15330 18231 31813
13794 11998 28241
-1072 3915 17862
-18509 -6173 6875
-22797 -18019 2164
-13546 -27295 3730
-2367 -28616 7391
5199 -18990 12575
14216 -2058 22934
29068 13552 32767
32767 20121 32767
32767 13689 32767
32767 -2350 32767
32767 -18478 32767
16675 -27343 27462
-5340 -27268 8872
-24757 -21235 -7630
-32767 -14113 -16876
-32767 -9089 -15981
-32767 -6360 -7693
-26958 -2752 2858
-18785 4777 12224
-16762 15759 17327
-23303 27513 14673
-32767 32767 5317
-32767 32767 -1149
-32767 32767 4857
-22323 28317 20346
5616 14903 31998
19737 1528 31540
13941 -7571 24243
-3382 -8680 18651
-19941 -2123 14478
-27358 7746 6863
-22594 16363 -2878
-11653 20743 -7506
-6417 21727 -4231
-13747 22161 149
-29363 21587 -3126
-32767 18895 -14335
-32767 16611 -25242
-32767 16156 -28794
-32767 12653 -25040
-32767 -405 -16562
-32767 -22806 -3630
-32767 -32767 14062
-32767 -32767 32334
-6553 -32767 32767
10310 -32767 32767
7469 -32434 30140
328 -10163 24886
8241 -522 30790
32767 -8478 32767
32767 -23353 32767
32767 -28904 32767
32767 -22291 32767
32767 -11776 28256
20961 -3930 10240
-8412 2507 -7430
-18189 12800 -20292
-11266 25131 -21220
-3092 31903 -7900
-8616 31583 12777
-27251 27046 28876
-32767 17385 30676
-32767 5 16251
-32767 -20568 -7703
-32767 -31620 -29758
-32767 -24004 -32767
-32767 -3678 -31683
-32767 14830 -11795
-32767 24893 12988
-21598 28097 32767
9983 27505 32767
26886 24901 32767
24671 19662 32767
9874 13444 30150
-5477 9554 14736
-9062 7534 7126
2963 3441 10179
21566 -4882 18169
32767 -13859 24075
31497 -17462 26186
16484 -15454 25091
-5092 -15444 18788
-26410 -22132 5035
-32767 -31658 -12533
-32767 -32767 -24898
-32767 -32767 -25317
-32767 -29246 -13850
-32767 -7491 2936
-24812 16431 15255
-21522 30849 17127
-29641 31288 11425
-32767 23762 8453
-32767 16993 17195
-7298 11549 32767
31308 5946 32767
32767 4857 32767
32767 9481 32767
32767 12243 32767
24998 6405 30965
-6824 -4610 4614
-32767 -9624 -27489
-32767 -3643 -32767
-32767 8378 -32767
-32767 21720 -32767
-32767 32767 -10052
-32767 32767 15847
-32767 32767 32080
-30872 26719 32767
-31767 13052 30466
-32767 -12 17558
-32767 -11374 8411
-18742 -22631 12416
21723 -32767 31221
32767 -32767 32767
32767 -32767 32767
32767 -32767 32767
32767 -32767 32767
32767 -32767 32767
32767 -32767 27654
-434 -32767 -68
-32767 -28497 -18973
-32767 -15759 -23048
-32767 -2547 -13989
-32767 6787 -662
-32767 9292 7876
-32767 5936 7399
-32767 2330 -1037
-32767 2050 -12643
-32767 4587 -20806
-32767 9923 -18990
-32767 16743 -5826
-32767 22871 12302
-13720 26029 27815
21484 22606 32767
32767 14760 32767
32767 9579 32767
32767 9581 32767
32767 12738 26259
18770 17145 17137
-6958 19809 4550
-32767 16388 -9480
-32767 6215 -20981
-32767 -3126 -28952
-32767 -1176 -32767
-32767 14266 -30946
-32767 32767 -15554
-26333 32767 14654
5730 32767 32767
28060 32767 32767
32767 30949 32767
30906 23460 32767
27797 14106 32767
32767 2699 27223
32767 -12600 29461
32767 -32709 32767
32767 -32767 32767
32767 -32767 32767
32767 -32767 32767
-203 -32767 18632
-32767 -32767 -16377
-32767 -32767 -32767
-32767 -32767 -32767
-32767 -25003 -32767
-32767 -6687 -32767
-32767 8637 -13176
-32767 20671 867
-32767 32457 7026
-32767 32767 15550
-32767 32767 28409
-26174 32767 32767
-10899 32767 32767
1228 32767 29393
11765 32767 28039
18824 17385 27939
21832 2382 21994
22264 -9042 11851
19968 -14328 7698
16149 -7634 15737
15097 9813 29561
20452 28047 32767
32767 32767 32767
32767 20306 32767
32767 -8605 32767
32767 -32767 32767
32767 -32767 32767
32767 -32767 32767
4628 -32767 29393
-32767 -32767 -893
-32767 -32767 -27959
-32767 -21710 -32767
-32767 -3756 -32767
-32767 11639 -32767
-32767 20321 -32767
-32767 22049 -26912
-32767 21929 -9838
-32767 27850 12964
-32767 32767 32767
4263 32767 32767
32767 32767 32767
32767 32767 32767
32767 10757 32767
32767 -13190 32767
32767 -27660 32767
32767 -25890 32767
25926 -9906 12511
4119 10845 -3837
-19291 24361 -11153
-32767 24032 -13166
-32767 13442 -16263
-32767 190 -19097
-32767 -11107 -12711
-32767 -20483 8100
-5809 -28993 32767
27842 -32767 32767
32767 -32767 32767
32767 -32767 32767
32767 -32767 32767
5874 -32767 32767
-28847 -32697 6990
-32767 -11057 -18340
-32767 9799 -32767
-32767 26449 -32767
-29931 32767 -23620
-23574 32767 -4523
-22693 27900 14145
-24661 29987 25030
-27983 32767 24930
-32767 32767 15016
-32767 32767 450
-32767 32767 -9875
-32767 26806 -6715
-18447 13989 10965
6628 4862 32100
23323 -3925 32767
32619 -14108 32767
32767 -19135 32767
32767 -17023 32767
32767 -16918 32767
32767 -23195 32767
32767 -29580 32767
32767 -29780 32767
32767 -26791 32767
593 -28884 23165
-32767 -32767 2763
-32767 -32767 -17697
-32767 -32767 -32767
-32767 -32767 -32767
-32767 -24309 -23720
-32767 -12248 825
-32767 3845 23450
-32767 18890 32767
-18703 26069 32767
9891 24624 32767
32767 20488 32767
32767 19852 32767
32767 24249 32767
32767 29788 32767
32767 30994 32767
32767 26616 28299
32767 19764 24738
24442 13804 23834
17206 10048 24645
6750 7334 22332
-14933 4337 11971
-32767 392 -6576
-32767 -5141 -28037
-32767 -11809 -32767
-32767 -18006 -32767
-32767 -20516 -32767
-32767 -16029 -22917
-32767 -6899 12808
-6722 -195 32767
32767 1169 32767
32767 20 32767
32767 -2132 32767
32767 -5231 32767
32767 -9297 32767
25149 -13589 27309
17613 -16453 25212
13172 -18521 23294
1715 -21315 16037
-16799 -23065 3528
-29792 -20061 -9553
-27388 -12653 -18622
-12946 -2475 -20757
1370 10166 -11598
9807 20056 11148
12308 21762 32767
7769 16805 32767
-2422 10295 32767
-13184 9069 32767
-18551 15082 23623
-17182 22569 10904
-14727 26629 7284
-14978 23807 11898
-12479 10757 21629
-1831 -9117 30089
12179 -25170 29989
20636 -30152 19019
19760 -25363 2778
12365 -15499 -9573
2618 -3256 -12446
-8876 10091 -5288
-20819 22324 10566
-26631 30729 31428
-21968 32767 32767
-10675 32767 32767
-2529 25752 32767
-4213 12036 18775
-12770 -5161 180
-19874 -18553 -6868
-17817 -23470 -1926
-4809 -20568 10671
12286 -13145 25305
21219 -5109 32767
13832 -861 32767
-6710 -3371 29327
-27532 -8820 16051
-31586 -9362 9023
-8988 -2944 14992
28043 4842 30622
32767 6073 32767
32767 -3356 32767
32767 -17360 32767
32767 -24479 32767
4519 -19907 18812
-22929 -8930 -13215
-32767 -1893 -32032
-32767 -3955 -30858
-23010 -11289 -12937
-6233 -17554 15664
7000 -19689 32767
14320 -15979 32767
13866 -6380 32767
5065 4340 32767
-11124 9866 27786
-31137 8795 -7348
-32767 5289 -32767
-32767 4857 -32767
-32767 8278 -32767
-32767 10171 -32102
-32767 8360 -11143
-31497 8630 13232
6099 17070 32767
32767 31178 32767
32767 32767 32767
32767 29535 32767
32767 11319 32767
32767 -2564 32767
32767 -5621 32767
32767 -307 32767
23785 6115 11046
3881 7626 -5928
-11871 2962 -12543
-21914 -4380 -8750
-26073 -9823 2147
-22983 -9841 18230
-8472 -3231 32767
20003 4587 32767
32767 5596 32767
32767 -2674 32767
32767 -15916 32767
32767 -26819 32767
32767 -32140 32767
14298 -32767 23304
-4489 -30504 9770
-11497 -22976 762
-8462 -10972 1858
-2749 1710 10895
-3673 9958 19228
-14176 11983 20881
-28723 9596 17259
-32767 6455 12555
-32767 5406 8329
-32767 6572 3956
-32767 7988 197
-32767 6135 -207
-28467 -37 4287
-13010 -7169 11136
-1965 -10505 16326
2566 -7264 18642
4119 664 19691
5787 7299 21341
7683 9751 25677
10963 11207 32767
16593 15444 32767
21680 20663 32767
20862 20394 32767
12261 11112 32767
236 -3978 23075
-10519 -16358 8857
-18673 -18678 -531
-22981 -11109 -4640
-18742 881 -404
-1762 12093 13911
23082 19050 32767
32767 19437 32767
32767 12860 32767
32767 3703 32767
32767 -3014 32767
32767 -8320 32767
32767 -16463 32767
32767 -27181 32767
32767 -32767 32767
23370 -32709 28903
6725 -24029 21023
-9286 -14411 15009
-24010 -8233 12438
-32767 -4732 11813
-32767 -1798 9733
-32767 682 4321
-32767 687 -2722
-32767 -2754 -7720
-32767 -6555 -9069
-32767 -7281 -9064
-32767 -3473 -9865
-32767 5097 -8387
-32767 14710 -502
-32767 21048 12185
-18621 25076 23382
7313 29655 28467
30460 32767 28351
32767 32767 27204
32767 30070 27277
32767 19732 27369
32767 10168 26946
32767 4175 28209
32767 3146 32767
32767 8847 32767
32767 18363 32767
32767 22576 32767
32767 14128 32767
32767 -4957 32767
32767 -26179 32767
7903 -32767 32767
-17392 -32767 20484
-32767 -32767 6941
-32767 -32767 -3764
-32767 -26656 -8312
-32767 -12128 -5651
-32767 -579 2043
-32767 7107 10444
-32767 11824 15925
-28244 15799 17870
-8856 21440 18802
16807 28299 22284
32767 32767 29354
32767 32097 32767
32767 23642 32767
32767 9861 32767
32767 -4075 32767
26075 -14336 32767
4985 -19165 32217
-13645 -19075 19769
-28346 -16678 6951
-32767 -13869 -2654
-32767 -10465 -7937
-32767 -4525 -9887
-32767 5229 -10237
-32767 16368 -10352
-32767 24024 -9670
-32767 23767 -5064
-32767 14238 6362
-7092 1241 23562
28772 -5601 32767
32767 -3950 32767
32767 494 32767
32767 2360 32767
32767 305 32767
32767 -4377 32767
32767 -10745 32767
32767 -17727 32767
32767 -22381 32767
32767 -22678 28979
16737 -21053 25887
-1690 -21997 22992
-18933 -25730 19727
-32767 -27990 16811
-32767 -25707 15386
-32767 -19322 15413
-32767 -10530 15481
-32767 -779 13901
-32767 8542 10189
-32767 15300 5203
-31820 18706 755
-27584 20424 -743
-19435 22434 2773
-4521 24679 11508
13189 24893 23070
26346 21138 32767
31256 13654 32767
29864 4605 32767
26207 -2937 32767
23174 -6228 32767
23256 -5209 32229
28336 -2597 32767
32767 -420 32767
32767 1760 32767
32767 4675 32767
32767 6859 32767
32767 5681 32767
32767 1094 32767
32767 -3299 28017
32767 -4570 22812
29130 -3426 21320
25663 -1491 21977
22067 1146 23253
20100 4455 25057
21313 6625 27781
23839 6008 31277
24246 3244 32767
20780 -42 32767
13938 -3191 32767
5206 -6220 32767
-3807 -8672 32536
-11608 -9986 27654
-17509 -10186 22824
-21929 -9529 19128
-25720 -8243 17181
-29192 -6058 16609
-32358 -2355 16131
-32767 2307 14527
-32767 6193 11739
-32767 8255 8967
-32767 8872 7335
-32767 8935 6758
-32767 9092 6581
-32767 9704 6551
-32767 10633 6435
-32767 10977 5534
-32767 9986 3518
-32767 8735 1298
-32767 9516 660
-32767 12108 2488
-32767 14388 6491
-27877 16578 13475
-3015 18526 25173
31983 17187 32767
32767 10760 32767
32767 247 32767
32767 -10475 32767
32767 -17812 32767
32767 -21987 32767
32767 -24012 32767
32767 -23350 28536
32767 -20503 19306
20899 -17537 14856
4457 -15247 15214
-7147 -12111 18152
-10638 -7129 21283
-5722 -1928 23433
3588 1116 24801
12385 1643 26469
18576 1318 29015
22869 1785 31547
26517 3431 32740
29579 5479 32626
30249 6852 32455
25795 6934 32767
15529 5726 32767
2094 3473 31016
-10908 337 27041
-21799 -3006 22021
-31083 -5034 17322
-32767 -4832 13648
-32767 -3241 11316
-32767 -1593 10624
-32767 180 11567
-32767 3099 14035
-20849 7706 17984
-3923 13022 23172
14117 17035 28816
31696 18783 32767
32767 18748 32767
32767 17779 32767
32767 16069 32767
32767 13200 32767
32767 9114 32767
32767 4632 32767
32767 622 32767
23909 -2857 32767
16129 -6368 32767
9608 -9789 32017
3998 -12161 30284
-682 -13239 28136
-3874 -13502 26047
-4854 -12947 24428
-3400 -11050 23523
186 -7574 23530
5486 -3046 24584
11961 1466 26559
18978 5204 28998
26283 8053 31284
32767 10028 32767
32767 11052 32767
32767 10900 32767
32767 9614 32767
32767 7988 32689
32767 6815 31966
32767 6000 31386
32767 4992 30878
32408 3686 30422
25065 2485 30079
17477 1748 29741
10447 1353 29113
4563 832 28071
196 -57 26875
-2541 -1034 26018
-4067 -1583 25804
-5060 -1710 26194
-5849 -1935 26921
-6152 -2330 27662
-5462 -2285 28192
-3787 -1508 28428
-1898 -429 28353
-605 412 28083
-69 931 27793
15 1416 27618
-161 2083 27584
-702 2759 27537
-1739 3176 27255
-3156 3294 26642
-4680 3266 25821
-6243 3189 25057
-7990 3176 24521
-9822 3446 24204
-11154 4063 24071
-11534 4650 24068
-11234 4675 24058
-10995 3983 23883
-11194 3039 23535
-11568 2445 23158
-11779 2342 22839
-11802 2515 22583
-11675 2689 22456
-11385 2732 22576
-10653 2924 23048
-8824 3478 23851
-5410 4093 24794
-774 4295 25592
4109 3913 26101
8303 3119 26422
11204 2152 26722
12678 1179 27002
13167 407 27153
13546 130 27180
14467 265 27187
15762 352 27223
16616 20 27197
16383 -582 26982
15216 -949 26586
13747 -764 26133
12397 -195 25770
11080 392 25597
9638 824 25646
8281 1249 25877
7392 1778 26147
7022 2390 26291
6881 2947 26247
6754 3249 26099
6611 3261 25999
6496 3171 26033
6439 3176 26220
6402 3281 26510
6333 3374 26802
6176 3366 27014
5884 3279 27119
5392 3204 27126
4764 3199 27087
4181 3214 27055
3779 3166 27051
3566 3059 27051
3419 2972 27036
3213 2944 26995
2918 2942 26931
2588 2922 26885
2310 2894 26863
2052 2882 26848
1757 2839 26807
1476 2717 26710
1318 2540 26537
1263 2367 26301
1154 2237 26038
864 2152 25797
412 2095 25646
-77 2048 25621
-504 2005 25714
-831 1983 25850
-1052 1938 25923
-1213 1830 25870
-1377 1666 25685
-1566 1478 25402
-1772 1343 25093
-2020 1254 24813
-2347 1176 24631
-2769 1099 24570
-3226 1016 24606
-3640 934 24660
-3950 866 24657
-4171 804 24567
-4335 724 24397
-4514 619 24204
-4754 499 24037
-5040 375 23925
-5308 265 23869
-5506 177 23847
-5660 122 23837
-5812 90 23817
-5988 85 23778
-6142 75 23708
-6219 40 23601
-6184 -5 23464
-6094 -70 23328
-6037 -150 23197
-6070 -232 23077
-6199 -302 22990
-6400 -345 22939
-6628 -335 22934
-6846 -297 22977
-7030 -255 23063
-7191 -205 23158
-7325 -177 23233
-7402 -187 23265
-7377 -242 23240
-7295 -330 23167
-7276 -429 23082
-7395 -494 23033
-7606 -519 23031
-7797 -484 23070
-7884 -417 23126
-7859 -332 23182
-7717 -257 23194
-7469 -227 23131
-7209 -252 22987
-7080 -310 22800
-7154 -367 22620
-7370 -387 22517
-7581 -352 22505
-7663 -282 22559
-7638 -200 22642
-7576 -132 22700
-7506 -97 22710
-7439 -102 22651
-7380 -137 22549
-7385 -182 22444
-7469 -230 22381
-7581 -252 22391
-7663 -242 22469
-7675 -200 22559
-7611 -155 22615
-7501 -115 22595
-7382 -82 22512
-7315 -70 22403
-7348 -75 22306
-7462 -100 22250
-7586 -137 22242
-7655 -167 22276
-7663 -187 22327
-7650 -215 22371
-7678 -235 22398
-7747 -227 22398
-7824 -197 22386
-7854 -170 22366
-7822 -175 22359
-7779 -215 22366
-7787 -290 22383
-7836 -355 22400
-7906 -385 22405
-7933 -360 22403
-7918 -297 22391
-7874 -217 22386
-7824 -137 22371
-7772 -92 22340
-7720 -90 22284
-7663 -122 22211
-7601 -177 22133
-7536 -230 22057
-7511 -282 22001
-7571 -310 21984
-7695 -310 22006
-7819 -272 22050
-7874 -202 22089
-7822 -137 22101
-7688 -97 22074
-7524 -115 22021
-7417 -162 21950
-7407 -215 21875
-7491 -242 21823
-7618 -235 21821
-7745 -200 21877
-7839 -142 21974
-7886 -87 22077
-7871 -55 22152
-7772 -57 22174
-7630 -100 22145
-7516 -180 22077
-7499 -280 22009
-7583 -370 21970
-7737 -420 21987
-7886 -427 22055
-7980 -395 22150
-8000 -347 22230
-7953 -307 22276
-7881 -302 22271
-7826 -307 22228
-7807 -315 22162
-7799 -302 22101
-7784 -277 22052
-7767 -267 22033
-7794 -267 22047
-7856 -285 22096
-7918 -300 22147
-7928 -302 22186
-7898 -277 22211
-7829 -235 22211
-7732 -205 22201
-7616 -195 22186
-7521 -210 22167
-7449 -235 22133
-7400 -265 22099
-7365 -280 22072
-7367 -277 22055
-7429 -250 22052
-7551 -215 22067
-7685 -177 22101
-7794 -152 22142
-7822 -140 22181
-7762 -130 22206
-7668 -140 22218
-7586 -167 22215
-7578 -200 22211
-7630 -230 22218
-7712 -250 22247
-7794 -245 22301
-7844 -227 22371
-7871 -222 22439
-7869 -225 22493
-7834 -242 22515
-7762 -260 22495
-7680 -285 22447
-7623 -307 22391
-7601 -330 22354
-7611 -342 22337
-7650 -322 22342
-7692 -285 22362
-7727 -252 22388
-7732 -225 22415
-7722 -215 22439
-7725 -207 22464
-7767 -220 22491
-7809 -232 22515
-7829 -247 22544
-7814 -255 22566
-7779 -267 22583
-7735 -280 22593
-7688 -277 22593
-7648 -257 22578
-7625 -227 22554
-7603 -202 22525
-7591 -195 22508
-7566 -197 22495
-7521 -200 22486
-7459 -200 22464
-7415 -200 22439
-7395 -195 22420
-7420 -195 22415
-7479 -202 22422
-7556 -202 22444
-7611 -197 22476
-7633 -182 22517
-7623 -180 22549
-7596 -175 22566
-7558 -177 22566
-7536 -190 22551
-7546 -217 22542
-7583 -242 22547
-7608 -257 22566
-7611 -267 22590
-7606 -272 22607
-7593 -265 22624
-7573 -250 22629
-7544 -240 22620
-7499 -230 22600
-7457 -225 22571
-7424 -217 22542
-7410 -215 22517
-7434 -207 22505
-7496 -217 22512
-7558 -230 22527
-7596 -240 22554
-7591 -230 22583
-7566 -215 22610
-7546 -197 22627
-7544 -190 22627
-7549 -200 22607
-7541 -227 22586
-7519 -252 22561
-7482 -257 22549
-7444 -250 22547
-7405 -232 22544
-7372 -205 22542
-7365 -187 22544
-7372 -175 22542
-7375 -187 22534
-7370 -200 22532
-7365 -205 22539
-7367 -200 22547
-7375 -190 22551
-7392 -180 22549
-7415 -177 22547
-7434 -177 22549
-7462 -175 22561
-7482 -165 22573
-7487 -162 22583
-7474 -177 22595
-7447 -195 22612
-7422 -197 22622
-7390 -195 22624
-7353 -190 22615
-7310 -187 22607
-7266 -175 22605
-7216 -162 22586
-7171 -165 22561
-7107 -187 22527
-7037 -210 22495
-6978 -222 22466
-6953 -222 22447
-6943 -227 22437
-6923 -222 22435
-6888 -215 22444
-6849 -210 22456
-6782 -217 22476
-6695 -240 22495
-6591 -270 22505
-6499 -302 22505
-6419 -330 22510
-6338 -355 22517
-6219 -387 22527
-6065 -417 22542
-5898 -452 22564
-5717 -504 22586
-5506 -574 22612
-5258 -664 22629
-4978 -772 22637
-4678 -901 22654
-4370 -1036 22680
-4062 -1186 22734
-3735 -1371 22814
-3330 -1598 22926
-2821 -1863 23072
-2176 -2150 23231
-1400 -2477 23404
-519 -2862 23593
469 -3341 23805
1566 -3918 24046
2804 -4570 24324
4194 -5269 24652
5764 -6038 25037
7526 -6887 25470
9442 -7848 25940
11521 -8885 26439
13708 -9923 26953
15889 -10927 27469
17936 -11871 27961
19802 -12743 28421
21417 -13499 28852
22670 -14113 29232
23482 -14580 29531
23941 -14805 29750
24278 -14733 29918
24700 -14515 30067
25283 -14323 30237
25956 -14151 30420
26549 -13866 30598
26770 -13359 30746
26375 -12600 30868
25425 -11601 30975
24189 -10260 31048
22901 -8453 31014
21559 -6358 30822
20045 -4395 30512
18467 -2839 30194
17291 -1818 30004
17048 -1443 30062
17889 -1658 30415
19663 -2300 31060
22477 -3406 32061
26373 -4777 32767
30256 -5726 32767
32266 -5628 32767
31259 -4410 32767
27499 -2574 32767
22179 -517 32767
16628 1755 32767
12139 4330 32372
9834 6869 30887
10025 8947 29933
12529 10328 29531
16866 11002 29646
22333 11089 30094
28514 10245 30646
32767 8483 31172
32767 6697 31669
32767 5701 32217
32767 5571 32767
32767 6110 32767
32767 7276 32767
32767 8645 32767
32708 9252 31783
23075 8398 30525
14998 6233 29344
9596 3838 28553
6544 2667 28280
4318 3421 28421
960 5164 28891
-4506 6098 29480
-10549 5084 29726
-13943 2902 29254
-12770 1583 28017
-7529 1533 26530
127 1676 25714
8616 1710 26055
16363 2242 27155
22013 3471 28343
24819 5002 29461
24271 6775 30717
19385 9644 32024
9429 14031 32767
-4151 18428 32436
-18013 20324 30493
-28728 18868 27525
-32767 15689 24553
-31815 12590 22444
-24082 10243 21378
-14216 8398 21169
-4804 6160 21892
3754 2991 23757
11214 -1184 26483
16757 -6617 29234
20283 -12540 31092
22321 -16164 31537
22757 -15200 30693
19785 -10021 29305
11117 -2977 28307
-2298 2559 27995
-15789 3561 27528
-24988 -125 25860
-28298 -5668 23184
-26194 -9806 20998
-19105 -11030 20489
-7353 -9519 21363
6985 -6155 22542
19924 -2115 23511
28028 1371 24594
30671 3855 26045
29298 6240 27406
25467 9386 27993
20767 12390 27766
16569 13909 27294
13901 14361 26985
14167 14990 26975
18464 15819 27318
26437 16066 28017
32767 14937 29030
32767 11676 30230
32767 7029 31382
32767 3396 31946
32767 2305 31340
32767 2452 29704
30539 1348 27895
20472 -1443 26512
5295 -4228 25604
-16648 -4892 25332
-32767 -2535 25945
-32767 1970 26980
-32767 6597 27257
-32767 9429 25879
-32767 10520 23218
-32767 11284 20823
-29408 12103 20178
-12631 12533 21276
6675 12773 22985
27579 14014 24618
32767 16750 26301
32767 19572 28153
32767 20686 30004
32767 19095 31645
32767 14333 32767
32767 7713 32767
32767 2617 32604
32767 1249 30819
32767 2335 28239
32767 2844 25483
32767 537 23311
32767 -4782 22452
30112 -10153 22739
6568 -12168 22858
-17966 -11626 21821
-32767 -11741 20122
-32767 -13562 18624
-32767 -15195 17590
-32767 -14376 16969
-32767 -11072 17320
203 -5993 19593
28720 1016 23798
32767 8662 28862
32767 13931 32767
32767 15447 32767
32767 14888 32767
32767 15295 32767
32767 18558 32767
32767 23063 32767
-1194 23023 32767
-32767 13706 32767
-32767 -1898 28095
-32767 -15654 23274
-32767 -20863 20533
-32767 -16813 18420
-32767 -8720 16567
-32767 -2924 16338
-32767 -2412 18069
-24355 -6343 20107
-6516 -11869 21032
7618 -15197 21385
14596 -13107 22327
18767 -5688 24010
24135 2302 25858
28514 4842 27754
28360 1079 29987
24606 -2739 32236
23983 -679 32767
32767 5324 32767
32767 8817 31973
32767 7634 30099
32767 5149 28635
32767 4168 27394
32767 4210 26147
32767 4118 26030
32767 4600 28136
27956 7264 30873
-26576 11879 31464
-32767 15432 29646
-32767 14288 27635
-32767 8051 26802
-1124 457 26783
32767 -3998 26946
32767 -3446 27041
32767 1586 26880
32767 9429 26330
32767 16198 24942
32767 17152 22135
19708 12008 18271
-23745 6000 14982
-32767 4734 14374
-32767 8959 16752
-32767 14590 19881
-32767 16393 21366
-32767 11129 21310
-32767 1104 21125
-32767 -7439 20540
-32063 -9799 18301
-14670 -5186 15092
-3836 4635 13602
2749 16493 15243
10973 26147 18812
25941 31236 22181
32767 31166 24370
32767 24716 25948
32767 12066 27985
32767 -2597 31048
32767 -13167 32767
32767 -16665 32767
32767 -12847 32767
8082 869 32767
-32767 28015 32767
-32767 32767 32767
-32767 32767 32767
-32767 32767 32767
-32767 7911 25719
-32767 -32767 14634
-32767 -32767 6515
18554 -32767 355
32767 -32767 -2588
32767 -32767 407
32767 -17025 9049
32767 1541 19350
32767 8987 27289
32767 12558 31416
32767 18990 31832
32767 27256 29193
32767 31967 25244
32767 30901 22452
32767 23023 22634
17211 6103 25261
-23457 -18368 27457
-32767 -32767 27070
-32767 -32767 25285
-32767 -32767 24465
-32767 -5766 24925
-32767 26119 25105
-32767 32767 23995
-32767 32767 22924
-32767 11881 23467
-32767 -18411 24689
-32767 -32227 23528
-5814 -26671 19362
32767 -13374 15365
32767 -3776 14447
32767 307 16051
32767 3756 18342
32767 8735 21217
32767 14016 26617
-20708 22069 32767
-32767 32767 32767
-32767 32767 32767
-32767 32767 32767
-32767 25990 30831
-2692 594 19055
32767 -17652 10836
32767 -22124 4867
32767 -16755 88
32767 -8760 -492
32767 -1843 7184
29576 3948 21327
-32011 9734 32767
-32767 14600 32767
-32767 16456 32767
-32767 14593 30746
-32767 10048 32110
-32767 2757 32767
-32767 -8513 29125
-32767 -21712 20550
-32767 -31608 12538
-24842 -32767 9570
13484 -28389 11623
32767 -19884 16380
32767 -9616 23094
32767 2664 31993
32767 12038 32767
32767 12343 32767
27693 6637 32767
-9889 5506 32767
-32767 13484 23686
-32767 23662 15092
-32767 26312 13514
-32767 21415 16911
-32767 16633 19684
-32767 12827 18848
-32767 4520 15766
-32767 -9134 13351
5509 -22588 13488
32767 -29803 15087
32767 -28966 15886
32767 -21123 15416
32767 -8530 14705
32767 4305 13848
32767 10935 12355
32767 6310 12183
32767 -6020 17005
-4176 -14628 27883
-32767 -11896 32767
-32767 -459 32767
-32767 9866 32767
-32767 11472 32767
-32767 5553 22111
-1839 -4864 7065
-9010 -19517 4095
-32122 -32767 14878
-32767 -32767 30651
-18293 -13472 32767
23400 17944 32767
32767 32767 32767
32767 32767 29926
32767 32767 18914
-8037 32767 9354
-32767 32767 9023
-32767 32767 19389
-3730 32767 31995
23829 32767 32767
24015 10697 32382
52 -23967 23362
-28695 -32767 14739
-32767 -32767 9982
-32767 -32767 10578
-31400 -32767 15569
-17338 -30195 22086
2360 -15854 26549
24680 -7222 26817
32767 -1506 24197
32767 1755 21492
32767 5281 19262
32767 14575 16183
32767 29705 11925
32767 32767 8183
32767 32767 7623
32767 19739 11457
2826 -8031 17970
-27326 -32157 24862
-32767 -32767 30228
-32767 -32767 32767
-23343 -30721 32570
-20946 2003 31175
-29566 32767 31350
-32767 32767 32538
-32767 32767 30827
-32767 22087 23720
-32767 -5938 14712
-32767 -28554 10155
-32767 -32517 10773
-32767 -13859 11966
-32767 16418 11447
19837 32767 12039
32767 32767 16097
32767 22144 21821
32767 1758 27847
32767 -8031 32767
32767 2090 32767
21663 30125 32767
-8851 32767 32767
-32767 32767 32767
-32767 31663 32767
-32767 -1531 29731
-26107 -26372 17327
-18415 -32767 6430
-10832 -26119 4986
-2280 -14603 10354
-1608 -10907 14391
-15757 -19994 13295
-32767 -32767 9984
-32767 -32767 10189
-32767 -32767 16334
-32767 -32767 26508
-32767 -22826 32767
-23172 -12395 32767
8003 -6705 32767
32767 -3975 32767
32767 -310 32767
32767 7554 15155
32767 18511 -660
32767 29415 -6946
-15603 32767 -570
-32767 32767 14379
-32767 32767 27703
-32767 32767 32078
-32767 32767 29249
-8492 17867 24553
32767 -15200 19917
32767 -32767 14861
32767 -32767 10522
32767 -32767 8986
32767 -22017 10128
32767 -7359 11233
32767 4282 10033
14092 9808 7971
-32767 8870 9161
-32767 3910 16085
-32767 -2023 25923
-32767 -7521 32767
-32767 -12658 32767
-6888 -18838 32767
-5472 -26861 32767
-23601 -32767 31194
-32767 -32767 22610
-14747 -32767 15046
30204 -32767 9585
32767 -32767 5142
32767 -27073 1390
32767 -4387 -226
32767 21535 2369
32767 32767 9585
32767 32767 19764
21866 23030 30607
-4968 1433 32767
-20355 -15729 32767
-32767 -16331 32767
-32767 6148 27866
-32767 32767 25687
-32767 32767 23895
-32767 32767 17680
-32767 32767 11111
-32767 31388 10792
-32767 -562 14269
-32767 -2637 14082
26274 16321 10476
32767 32767 11394
32767 31121 19696
32767 8760 27348
32767 -24476 25809
32767 -32767 17142
32767 -32767 10690
24368 -32767 12351
-7846 -32767 20947
-30043 -32767 32767
-32767 -32767 32767
-32767 -32767 32767
-32767 -32767 32767
-32767 -32767 23601
-32767 -11134 13965
-32767 3448 9843
-5112 7239 6298
11926 6545 3374
4990 9781 6028
-23259 20868 15348
-32767 32767 24816
-32767 32767 26749
-32730 32767 20655
12303 32767 13509
32767 30579 12168
32767 18446 15608
32767 20129 18836
9231 28861 20760
-10251 32767 21870
13874 32767 18995
32767 32687 11033
32767 12877 5850
32767 -17440 12326
-13745 -32767 27596
-32767 -32767 32767
-21829 -32767 32767
-6521 -32767 25468
-9874 -32767 19046
-25601 -29675 18461
-32767 -19492 16589
-32767 -20376 11153
-27303 -24761 9120
-5236 -25912 16431
20948 -24017 28740
31199 -20753 32767
12134 -15976 32767
-21142 -5983 32767
-32767 13127 32767
-18459 32767 32767
11511 32767 32589
32398 32767 28324
32767 32767 21914
32767 32767 12828
32767 32767 2603
24827 24659 -4068
2191 12041 -4662
-11420 -3863 -1643
-3568 -21332 2425
24417 -32767 7608
32767 -32767 12837
32767 -32767 15696
31991 -20806 16898
-22857 -1064 20962
-32767 19517 28343
-32767 32649 31645
-32767 32767 25692
-32767 28397 16648
-32767 12748 15270
-32767 -4455 23143
-32767 -11983 31019
-32767 -6894 31060
-623 5112 25176
32767 15926 20363
32767 20324 18481
32767 17489 14515
32767 8792 5105
32767 -3051 -4652
32767 -12271 -5273
32767 -9324 5953
26154 12523 20738
-32767 32767 31915
-32767 32767 32767
-32767 20788 32767
-32767 -23617 32767
-32767 -32767 32767
-32767 -32767 26500
-32767 -32767 13858
-32767 -14643 4209
-32767 23497 -4329
-19844 32767 -10593
32767 28082 -9733
32767 2657 -1305
32767 -12081 7386
32767 -8318 9025
32767 2794 4837
32767 4847 3837
32767 -6957 13843
-6022 -20034 32767
-32767 -19038 32767
-32767 -10186 32767
-32767 -7654 32767
-32767 -10148 32767
-32767 -13392 21694
-32767 -17544 13096
-32767 -19724 8370
-32767 -18461 893
-32767 -15285 -7462
-12978 -8820 -8665
32767 2637 -1096
32767 17282 7925
32767 31386 13203
32767 32767 18138
32767 32767 27350
32767 32767 32767
-1665 26264 32767
-32767 20733 32767
-32767 16705 32246
-32767 9054 17312
-32767 -2425 2347
18844 -13646 -3425
26685 -22536 3464
-5501 -28007 14627
-32767 -29346 18082
-32767 -27443 11433
-32767 -23655 4270
-12425 -19335 6118
12072 -13741 16446
13474 -5673 28149
1357 2742 32767
4802 7144 32767
32767 4078 32767
32767 -4949 26456
32767 -10745 15038
32767 -2824 8450
32767 21415 10247
32767 32767 16626
32767 32767 22400
12650 32767 26211
-25442 32767 27817
-32767 10121 24443
-32767 -23845 13120
-32767 -32767 -2474
-32767 -21178 -10824
-32767 -5014 -2732
-32767 -1159 18578
-32767 -15749 32767
-32767 -32767 32767
-32767 -32767 28377
-32767 -28184 9906
5047 -4839 80
32767 14548 1685
32767 23855 8180
32767 24691 13271
32767 20556 16560
32767 13804 20285
32767 6363 24161
32767 -1241 25463
32767 -8770 22369
32767 -13714 18739
17087 -15477 20816
-32767 -14715 29208
-32767 -10897 32767
-32767 -7761 32767
-32767 -9499 32767
-32767 -11327 23216
-32767 -5069 7554
4620 8875 -3221
32767 19702 -4472
32767 15297 314
32767 -3865 4463
32767 -22364 5310
6854 -25895 5366
-32767 -14478 8974
-32767 1705 16163
-32767 12041 22069
-32767 11596 23574
-32767 3915 23177
-32767 105 25061
-32767 7087 28711
-32767 19904 29987
-20531 28624 27613
10740 25967 24633
32767 8950 23866
32767 -18593 24538
16023 -32767 23255
-7958 -32767 18856
-14025 -32767 13901
3042 -26282 11681
26671 -3319 12175
32767 17245 12898
30437 32767 12806
27440 32767 11795
32767 32767 9561
29425 23507 6834
-7958 -4887 6663
-32767 -32767 12054
-32767 -32767 20633
-32767 -32767 26194
-32767 -32767 26661
-32767 -14890 25729
-32767 6737 27550
10092 17909 30556
32767 21919 29142
32767 28229 20587
32767 32767 9490
32767 32767 4270
32767 32767 8144
32767 14413 16640
-3983 -20648 23769
-32767 -32767 26532
-25832 -30492 25069
6444 -9132 21069
27437 16006 16477
17616 32767 11978
-16226 32767 7209
-32767 32767 3384
-32767 32767 3343
-32767 -7881 6907
-32767 -32767 9765
-26653 -32767 8019
5030 -32767 3085
6065 -32052 592
-23085 -3164 3481
-32767 19649 9378
-32767 23475 14357
-32767 4260 17117
-32767 -21610 19705
-32767 -31223 24280
-12933 -19887 29361
32767 -3229 31306
32767 2762 29305
32767 30 26534
32767 4307 24321
32767 22266 18678
32767 32767 6846
32767 32767 -5388
32767 12408 -9548
-27279 -14655 -4156
-32767 -31873 6459
-32767 -32767 19282
-32767 -32767 32665
-32767 -13961 32767
-32767 12368 32767
-32767 31231 32767
-32767 31548 30130
-32767 14890 26982
-31668 -4427 23976
9511 -11362 14634
32767 -1551 1125
32767 17497 -6885
12405 30489 -3834
-17737 27605 5037
-25301 14066 10047
3213 449 7844
32767 -6135 2342
32767 -2028 -2242
32767 10171 -4723
32767 21789 -3172
32767 23590 6671
11435 15397 26532
-32767 5379 32767
-32767 -2480 32767
-32767 -11906 32767
-32767 -26267 32767
-10916 -32767 20443
-3122 -32767 -6965
-31279 -32767 -22128
-32767 -25193 -21767
-32767 -14281 -11557
-32767 -9042 1604
-32767 -7384 14201
-6628 -3281 23662
32767 5851 26486
32767 15150 21882
27020 19232 15791
2633 17784 15508
7067 15484 19163
32767 15574 17329
32767 13132 7036
-11908 1044 -1397
-32767 -20061 4024
-32767 -32767 21366
-32767 -32767 32767
-32767 -16988 32767
-18385 12917 32767
26209 32767 32767
32767 32767 24811
32767 30786 5624
32767 7037 -15279
32767 -12860 -22900
32767 -14962 -12587
32767 -3206 6106
32767 7359 21853
32767 10777 31464
-4082 13599 32767
-32767 21285 32767
-32767 26214 32767
-32767 14086 29721
-20951 -14093 22646
25149 -32767 14471
32767 -32767 6359
32767 -32767 -114
32767 -32767 -3586
2211 -25737 -1758
-32767 -90 7126
-32767 20948 18559
-32767 25862 24455
-32767 17145 22724
-32767 4734 18968
-32767 -5396 16772
-28023 -7778 12988
-22599 784 5244
-24006 16129 -1682
-25395 28729 -175
-27715 28876 11705
-27614 17157 27871
-12055 6368 32767
23437 8303 32767
32767 21904 32767
32767 32767 25030
32767 28394 6561
32413 6687 -12093
-27269 -20446 -21967
-32767 -32767 -18237
-32767 -32767 -5816
-32767 -13474 5938
-32767 19654 12579
-26628 32767 16032
6941 32767 17909
32767 16441 16278
32767 -8590 10274
32767 -24776 5244
25546 -31371 7180
1367 -26928 15197
-20209 -15095 23693
-31415 -5903 28528
-25738 -3001 29867
-1310 -2722 29169
30537 -307 26228
32767 7524 20889
30686 15707 14568
-5437 13929 8139
-32767 -1920 1402
-32767 -23757 -4119
-32767 -32767 -5312
-19149 -32767 -1025
-18003 -25495 6286
-32767 -10108 13858
-32767 1698 22763
-32767 7621 32767
-32767 7022 32767
-32767 -2520 32767
-32767 -22861 32767
-13298 -32767 19175
24080 -32767 7389
32767 -32767 -411
32767 -32767 -5996
32767 -13015 -8287
32767 20114 -1894
32767 32767 15348
32767 32767 32767
32767 32767 32767
32767 32767 32767
32767 32767 27691
32767 32767 16292
-7576 32767 13680
-32767 32767 14710
-32767 27895 12657
-32767 9571 6924
-32767 -19365 1208
-32767 -32767 -2033
-32767 -32767 -2753
-32767 -32767 -1066
-32767 -32767 2778
-32767 -589 7460
-32767 25343 11586
-32767 32767 15355
-26862 32767 20287
31963 32767 25424
32767 24239 26405
32767 14595 21568
32767 4168 14656
32767 -10937 9169
32767 -27840 5015
32767 -32767 2281
-32767 -32767 3898
-32767 -25907 10807
-32767 -12947 18089
-32767 2118 20911
-32767 16780 21349
8722 26436 23917
27782 27023 27326
15209 19590 25417
-13621 9674 15674
-32767 589 3038
-32767 -5851 -5782
-32767 -7946 -6951
-22849 -6253 -1422
-16921 -3359 6495
-14655 -734 12845
-10147 2302 16207
-2658 6058 17777
3318 8253 17585
6372 5988 12662
10539 -140 2456
21844 -5037 -7666
32767 -4228 -10128
32767 2103 -1770
16023 7324 12820
-16090 3836 26206
-32767 -5626 32767
-27033 -8120 29646
4375 3845 17186
29911 18998 1595
25068 17075 -7635
-10189 -4814 -6778
-32767 -28569 -1782
-32767 -32767 -387
-32767 -32767 -1646
-32767 -32767 1960
-32767 -32767 13147
-32767 -9789 26554
-32767 22309 32767
-32767 32767 32767
-32767 32767 32767
-9688 32767 31145
32767 32767 20202
32767 26029 6330
32767 14088 -4879
32767 5731 -9551
32767 6480 -7642
32767 9659 12
32767 4178 13127
28656 -9534 29103
-26241 -18918 32767
-32767 -14930 32767
-31452 -4939 28514
-32767 -3236 16134
-32767 -11511 10741
-32767 -19108 10288
-32767 -19175 7581
-32767 -14356 -90
-32767 -9459 -8618
-32767 -5511 -13135
-32767 -1743 -13300
32767 2452 -11445
32767 8580 -8825
32767 17537 -5792
32767 25388 -2038
32767 23350 3469
32767 5166 10554
19286 -25350 16906
-13916 -32767 20862
-30847 -32767 24054
-32767 -32767 28984
-30790 -20401 32767
-23834 15539 32767
-15933 32767 29746
-6042 32767 17152
13611 32767 3051
32767 32767 -8348
32767 16551 -13373
30217 222 -8682
-19849 -3915 4100
-32767 4337 16360
-32767 14083 19937
-32767 12311 15491
-32767 -2712 10525
-32767 -24012 11041
-32767 -32767 15715
-32767 -32767 18982
-32767 -32767 18077
-10159 -29560 14836
14524 -7261 11116
32767 7394 7304
32767 4597 4516
32767 -11804 4102
32767 -27815 5819
24152 -32667 8614
-1958 -26077 12799
-32767 -14288 19851
-32767 -999 28648
-32767 15342 32767
-32767 32767 32767
-32767 32767 31739
-16467 32767 25940
4630 32767 17994
13655 32767 6583
8286 23937 -6288
-3740 -9267 -15895
-7988 -32767 -19569
4137 -32767 -18483
29008 -32767 -15681
32767 -19138 -12925
32767 -5938 -8594
32767 -1511 195
32767 -4782 12319
32767 -11192 22831
-32767 -17916 27985
-32767 -21165 28470
-32767 -15402 26247
-32767 -1211 20363
-32767 16968 9680
-32767 32767 -757
-32767 32767 -1914
-32767 32767 8051
-32767 21605 19201
-32767 -9649 20784
-32767 -28152 13181
-12052 -25747 5164
6673 -10905 2873
6762 2989 5987
-7692 9409 11647
-21301 9886 18235
-20708 9459 24601
-8362 13342 27737
-377 20973 24472
-6223 23565 16231
-14735 13602 7430
-12980 -5633 180
-6300 -22873 -6043
-9866 -29158 -10327
-29115 -24371 -10089
-32767 -14333 -5441
-32767 -5169 728
-32767 -1853 6973
-32767 -6732 14196
-32767 -16261 21069
-14494 -21437 22500
14698 -17152 14865
32767 -8560 913
32767 -1628 -11949
32767 5419 -17668
32767 16084 -15187
32767 27163 -6298
-3963 31218 6666
-32767 24876 19606
-32767 14136 27348
-32767 7374 26900
-32767 5084 19871
-32767 3666 10291
-32767 3301 1558
-32767 5171 -4207
-32767 6787 -5945
-26306 4560 -4032
-7913 -2152 -453
9186 -10133 2498
24757 -14947 4090
32767 -14730 5329
32767 -11194 7097
32767 -6672 9010
32767 -2130 10203
32767 1199 10544
32767 664 11153
32767 -3893 12969
29418 -7119 15545
6273 -3653 17008
-11953 3963 16231
-30986 7896 14620
-32767 6265 13619
-32767 4258 11783
-32767 2817 6530
-32767 -4610 -1441
-32767 -22668 -8088
-32767 -32767 -9972
-32767 -32767 -6680
-32767 -32767 -682
-32767 -32767 4514
-32767 -26639 7494
-32767 13701 9714
-31656 32767 13358
-12149 32767 18780
-146 32767 23469
10124 32767 23985
21919 32767 19659
32767 32767 13300
32767 32767 8258
32767 26719 5680
32767 7246 4835
14437 -11906 5376
2670 -24366 8278
7750 -29910 13137
14889 -31501 16141
246 -32767 12290
-32767 -32767 168
-32767 -32767 -16781
-32767 -32767 -32519
-32767 -32767 -32767
-32767 -22731 -32767
-32767 25290 -27304
-32767 32767 -8229
-32767 32767 10627
-21437 32767 21926
-3578 12563 22150
-7030 -8298 14461
-27229 -18533 5164
-32767 -18608 -2045
-32767 -12635 -7384
-32767 -5514 -11873
-32767 -856 -14410
-32767 2492 -13495
-32767 8380 -10542
-32767 16198 -9178
-31231 20221 -11153
-28293 17534 -14150
-23996 12902 -14186
-8506 13379 -9660
13869 19327 -2551
31931 26566 4307
32767 32767 10099
32767 32767 14936
32767 24971 17354
32767 4732 16346
5551 -11249 13061
-18787 -15352 8816
-29375 -15100 3664
-32169 -21652 -2573
-32767 -32767 -8616
-32767 -32767 -11839
-32767 -29323 -10534
-32767 -19500 -5785
-32767 -12728 -205
-32767 -3141 4253
-32767 11442 6768
-24621 21779 8136
14373 20106 10077
32767 12221 13178
32767 8800 16336
32767 11526 18225
32767 13037 19177
32767 6507 21152
32767 -5004 25142
32767 -12146 29380
32767 -10852 31114
32767 -5951 29195
32767 -4687 24426
32767 -8805 17923
32767 -14238 10352
13703 -18825 3211
-32767 -24639 -1108
-32767 -32487 -1565
-32767 -32767 -173
-32767 -32767 -122
-32767 -18633 -1991
-32767 -1408 -2995
-32767 8073 -1105
-32767 8842 2043
-32767 6872 3581
-32767 6927 3898
-16899 9244 6400
8807 12435 12465
28854 16106 19467
32767 20653 24499
32767 26976 27771
9968 32767 30831
-26976 32767 32767
-32767 32767 32767
-32767 20374 27218
-32767 3853 15674
-32767 -7971 2773
-32767 -7601 -5884
-32767 3718 -7430
-31698 15100 -3119
-8993 15904 3849
12871 5718 10671
29775 -7873 15367
32763 -17971 16212
16325 -21954 12270
-11928 -20533 5186
-32767 -15974 -1110
-32767 -10206 -3311
-32767 -5191 -747
-30872 -2812 5402
-22209 -2068 13239
-13052 -737 19808
-3251 230 21904
5556 -1718 18632
8784 -6732 11966
-2094 -12333 4358
-32286 -16635 -3666
-32767 -19607 -12329
-32767 -19732 -20594
-32767 -12755 -26878
-32767 2659 -30476
-32767 20856 -31713
-32767 32767 -30999
-32767 32767 -28124
-32767 32767 -22812
-32767 32267 -15825
-32767 32387 -9108
-32767 32767 -4672
-32767 32767 -3138
-32767 28884 -3287
-32767 21175 -3060
-28673 13699 -1169
-21452 9052 2086
-13013 6837 5388
-4831 4325 7535
-377 -267 8066
320 -5803 7158
141 -10051 5220
-501 -12385 2695
-4027 -14171 285
-10633 -17255 -1108
-16291 -22411 -1239
-16571 -28462 -930
-10109 -32767 -1032
1806 -32767 -1069
16010 -32767 455
27092 -32767 4054
30256 -32767 8000
25417 -32767 9714
17124 -32767 8061
11742 -32767 4336
12933 -27595 1125
19244 -19684 75
26132 -15694 1329
30127 -14198 4197
30480 -12987 7676
28199 -10510 10634
25690 -5816 12032
25189 -200 11369
26648 3266 9193
26929 3438 7160
23020 2697 7068
16097 4000 9509
10132 6964 13419
8983 9569 16945
13387 11114 19033
19474 11714 19754
21462 11167 19469
16231 9299 18471
6315 7017 17117
-3541 5603 15856
-11000 5441 15077
-15350 6405 14902
-16834 8178 15070
-17075 9491 15469
-16546 9222 16499
-15276 7556 18211
-14911 5806 19484
-17325 5241 18705
-23338 5596 15501
-32767 5077 11116
-32767 3631 6890
-32767 4909 3211
-32767 12358 -248
-32767 24399 -3666
-32767 32767 -6749
-32767 32767 -9122
-32767 32767 -10525
-32767 32167 -10627
-32767 27435 -9044
-32767 22701 -5935
-32767 18091 -2186
-32767 14121 1135
-32137 10240 3238
-32641 5726 3910
-32767 1778 3472
-32767 719 2646
-32767 2405 2254
-32767 3189 2537
-32767 160 2885
-32767 -5032 2400
-32767 -8233 745
-32767 -7863 -1687
-32767 -6185 -4183
-32767 -5975 -6138
-32767 -7311 -7216
-32767 -8360 -7377
-32767 -8278 -6809
-32767 -8093 -5911
-32767 -8905 -5193
-32767 -10410 -5001
-32767 -11589 -5281
-32767 -11851 -5614
-32767 -11134 -5638
-32767 -9676 -5283
-32767 -8218 -4655
-32767 -7254 -3851
-32767 -6215 -2960
-32767 -4407 -2084
-32767 -2265 -1470
-32767 -824 -1451
-32767 -392 -2162
-32767 -392 -3270
-32767 -335 -4090
-32767 -367 -4124
-32767 -689 -3421
-32767 -1104 -2408
-32767 -1274 -1475
-32715 -1211 -757
-31150 -1283 -205
-29395 -1733 156
-27559 -2260 197
-25725 -2380 -93
-24010 -2003 -502
-22653 -1438 -752
-21822 -939 -687
-21385 -487 -355
-21018 122 54
-20477 959 411
-19603 1748 670
-18268 2162 847
-16546 2058 952
-14869 1531 979
-13722 804 952
-13216 75 962
-13077 -574 1086
-12938 -1081 1354
-12588 -1428 1780
-11846 -1758 2405
-10606 -2417 3243
-9196 -3623 4180
-8454 -5069 4937
-8943 -5993 5254
-10477 -5843 5069
-12291 -4650 4499
-13650 -2832 3737
-14345 -837 2970
-14608 1034 2430
-14710 2517 2354
-14804 3391 2819
-14936 3616 3625
-15010 3379 4404
-14884 2932 4852
-14554 2467 4923
-14239 2113 4806
-14236 1910 4760
-14650 1923 4932
-15258 2132 5341
-15715 2435 5877
-15847 2712 6420
-15792 2897 6875
-15700 3004 7175
-15474 3039 7284
-14928 2934 7182
-14085 2622 6902
-13313 2197 6568
-13038 1845 6364
-13350 1676 6388
-13951 1636 6603
-14422 1603 6865
-14504 1523 7085
-14176 1398 7265
-13586 1216 7399
-12963 946 7435
-12559 594 7299
-12499 242 7053
-12678 12 6848
-12886 -62 6788
-13020 -32 6858
-13172 52 6990
-13499 157 7121
-13980 300 7228
-14387 507 7299
-14494 742 7345
-14328 926 7352
-14105 1014 7343
-13916 1031 7335
-13690 996 7330
-13340 939 7311
-12973 864 7274
-12770 804 7267
-12787 774 7350
-12906 764 7528
-12948 722 7747
-12841 627 7939
-12655 484 8080
-12519 337 8190
-12464 207 8314
-12452 87 8441
-12420 -5 8538
-12382 -50 8592
-12392 -47 8628
-12467 -20 8696
-12551 20 8813
-12509 52 8928
-12278 52 8969
-11946 -22 8932
-11643 -177 8859
-11472 -352 8806
-11514 -462 8779
-11787 -429 8774
-12171 -255 8811
-12464 -22 8928
-12519 155 9108
-12325 227 9268
-12005 192 9324
-11769 77 9264
-11737 -52 9166
-11906 -162 9137
-12191 -220 9203
-12499 -215 9349
-12755 -190 9522
-12879 -182 9673
-12809 -205 9763
-12541 -265 9765
-12181 -350 9665
-11903 -432 9495
-11762 -499 9324
-11720 -542 9208
-11710 -547 9147
-11774 -522 9125
-11985 -459 9130
-12330 -365 9161
-12591 -265 9210
-12529 -197 9239
-12142 -192 9208
-11683 -240 9093
-11444 -322 8945
-11529 -397 8833
-11814 -407 8789
-12134 -347 8806
-12382 -267 8855
-12526 -200 8935
-12588 -167 9052
-12596 -152 9173
-12566 -170 9254
-12492 -215 9249
-12358 -275 9178
-12189 -330 9096
-12075 -372 9059
-12092 -392 9083
-12273 -385 9137
-12539 -345 9198
-12762 -297 9244
-12832 -272 9293
-12730 -285 9337
-12526 -335 9356
-12355 -420 9339
-12276 -522 9281
-12253 -614 9215
-12261 -684 9173
-12291 -734 9164
-12372 -757 9186
-12504 -757 9239
-12663 -742 9310
-12797 -734 9395
-12864 -742 9473
-12809 -772 9507
-12626 -817 9480
-12335 -911 9395
-12062 -1056 9273
-11941 -1216 9149
-12033 -1338 9052
-12268 -1386 9010
-12534 -1371 9049
-12720 -1311 9159
-12841 -1226 9312
-12928 -1151 9453
-12968 -1114 9531
-12916 -1144 9517
-12782 -1236 9432
-12633 -1356 9337
-12583 -1471 9283
-12715 -1538 9307
-13023 -1536 9402
-13397 -1511 9546
-13665 -1501 9697
-13722 -1536 9816
-13593 -1616 9889
-13415 -1718 9897
-13315 -1800 9860
-13333 -1845 9799
-13373 -1898 9731
-13335 -1973 9668
-13241 -2040 9604
-13196 -2050 9546
-13283 -1998 9505
-13457 -1918 9475
-13576 -1860 9463
-13549 -1830 9456
-13415 -1805 9456
-13301 -1790 9456
-13298 -1773 9468
-13412 -1733 9495
-13561 -1671 9509
-13653 -1628 9505
-13608 -1561 9483
-13417 -1433 9475
-13179 -1296 9490
-13018 -1204 9505
-12988 -1151 9490
-12993 -1089 9451
-12958 -1064 9402
-12913 -1106 9344
-12943 -1106 9285
-13015 -979 9244
-13030 -824 9234
-12958 -774 9254
-12869 -829 9264
-12854 -901 9259
-12953 -961 9229
-13117 -1059 9198
-13248 -1231 9159
-13276 -1398 9108
-13209 -1483 9042
-13065 -1526 8976
-12918 -1588 8935
-12817 -1606 8915
-12752 -1468 8903
-12663 -1236 8891
-12571 -1024 8872
-12551 -842 8859
-12628 -612 8862
-12693 -315 8889
-12626 -15 8932
-12407 147 8945
-12171 162 8906
-12020 155 8828
-11963 227 8764
-11983 325 8747
-12035 385 8755
-12042 467 8781
-11963 577 8823
-11889 587 8867
-11961 410 8889
-12159 165 8872
-12328 52 8855
-12343 110 8850
-12236 162 8850
-12174 32 8833
-12283 -340 8767
-12601 -804 8633
-12963 -1024 8467
-13109 -924 8355
-12963 -757 8355
-12688 -687 8453
-12494 -707 8609
-12444 -777 8781
-12524 -989 8928
-12732 -1373 9001
-12983 -1713 8996
-13085 -1905 8984
-12966 -1893 9059
-12707 -1618 9310
-12452 -1278 9733
-12313 -1084 10230
-12340 -1006 10649
-12556 -1009 10883
-12933 -1156 10914
-13333 -1448 10844
-13564 -1763 10788
-13539 -1968 10817
-13323 -2160 10948
-13070 -2602 11158
-12973 -2944 11391
-13015 -2569 11615
-12995 -1715 11783
-12859 -1129 11822
-12804 -1129 11662
-13028 -1516 11284
-13551 -2065 10756
-14318 -2767 10145
-15244 -3678 9480
-16164 -4505 8828
-16690 -4455 8351
-16368 -3361 8212
-15199 -1973 8404
-13745 -861 8716
-12591 132 8896
-11988 1149 8781
-11938 1783 8346
-12365 1698 7632
-13080 1226 6807
-13618 981 6096
-13606 996 5750
-13209 584 5845
-13055 -969 6215
-13690 -3678 6510
-15043 -6105 6561
-16301 -6977 6515
-16787 -7132 6622
-16722 -7781 6980
-16648 -8667 7557
-16715 -8989 8316
-16752 -8647 9215
-16742 -8041 10082
-16839 -7321 10666
-17050 -6570 10744
-17216 -6083 10327
-17231 -6015 9643
-17117 -6065 8952
-16953 -5811 8426
-16742 -5064 8083
-16484 -3958 7856
-16278 -2887 7710
-16400 -2320 7640
-16990 -2382 7652
-17760 -2707 7752
-18313 -2809 7900
-18569 -2587 8005
-18809 -2407 7988
-19288 -2659 7854
-20062 -3186 7640
-21015 -3441 7386
-22050 -3284 7121
-23102 -3006 6892
-23983 -2867 6766
-24465 -2827 6719
-24541 -2672 6673
-24360 -2170 6564
-24068 -1358 6396
-23715 -542 6223
-23385 165 6086
-23159 814 5996
-23147 1393 5940
-23487 1793 5858
-24264 1958 5726
-25321 1883 5548
-26405 1643 5327
-27229 1328 5064
-27723 971 4781
-28095 484 4528
-28594 -317 4375
-29254 -1293 4324
-29954 -2050 4309
-30455 -2447 4253
-30673 -2619 4117
-30874 -2772 3895
-31408 -2909 3635
-32246 -2817 3379
-32767 -2445 3104
-32767 -1955 2758
-32767 -1413 2366
-32767 -822 2011
-32767 -225 1767
-32767 257 1719
-31815 534 2011
-29078 714 2768
-24867 981 3963
-20013 1196 5290
-15963 1159 6281
-13814 981 6581
-14062 607 6028
-16988 -609 4606
-22541 -3031 2488
-29857 -5841 131
-32767 -7973 -1945
-32767 -9187 -3564
-32767 -9471 -4886
-32767 -8787 -6101
-32767 -7584 -7304
-32767 -6697 -8592
-32767 -6350 -9935
-32767 -5648 -10875
-32767 -3828 -10753
-32767 -1079 -9334
-32767 2167 -7126
-32767 5958 -4857
-32767 10595 -2685
-32475 15297 -433
-25777 18391 1814
-25633 19400 3866
-30576 18688 5505
-32767 16039 5897
-32767 11549 4022
-32767 6440 -17
-32767 2435 -4650
-32767 247 -8037
-32767 -1196 -9524
-32767 -3196 -9753
-32767 -5319 -9509
-32767 -5786 -8942
-32767 -3671 -7761
-32767 -974 -5349
-22204 -569 -784
1335 -1805 6442
32700 -1855 16170
32767 -5 27703
32767 2255 32767
32767 3441 32767
32767 3571 32767
32767 3124 32767
32767 1718 32414
32767 -1059 21621
28189 -4540 12614
4613 -7491 6919
-16663 -9799 4463
-32767 -12708 3842
-32767 -16758 3379
-32767 -20688 1994
-32767 -22926 -596
-32767 -23048 -4158
-32767 -21615 -8214
-32767 -19317 -12153
-32767 -16391 -15406
-32767 -12690 -17709
-32767 -7916 -19036
-32767 -2252 -19472
-32767 3910 -18970
-32767 10595 -17317
-32767 17337 -15163
-32767 23253 -14308
-32767 27872 -16455
-32767 30424 -21320
-32767 30047 -26510
-32767 27378 -29595
-32767 24554 -29378
-32767 22771 -25729
-32767 21275 -19160
-32767 19609 -10133
-29837 20673 1726
9042 26289 17302
32767 30312 32767
32767 26446 32767
32767 16890 32767
32767 6560 32767
32767 -3563 32767
32767 -14456 29407
19244 -24644 18909
1382 -31268 8083
-11328 -32767 -879
-24020 -32767 -5410
-32767 -32387 -5974
-32767 -30067 -6155
-32767 -26174 -8774
-32767 -22796 -12509
-32767 -21248 -13887
-32767 -20528 -11479
-32767 -19807 -6556
-22713 -17120 -582
-9511 -9042 7282
10040 3516 17699
32527 15344 28063
32767 20718 32767
32767 16318 32767
27668 4168 30140
-2417 -10221 19462
-32767 -22384 3778
-32767 -29495 -14364
-32767 -29795 -30461
-32767 -23884 -32767
-32767 -14748 -32767
-32767 -5813 -32767
-32767 2699 -32767
-32767 12915 -32767
-32767 25240 -32767
-32767 32767 -32767
-32767 32767 -32767
-32767 32767 -32767
-32767 32767 -2600
-12278 32767 28957
32767 32767 32767
32767 20461 32767
32767 2687 32767
32767 -15290 32767
32767 -28045 26447
32767 -29583 22525
32767 -22646 29602
32767 -15801 32767
32767 -12440 32767
32767 -11851 32767
32767 -14386 32767
17541 -20528 30488
-18869 -27545 9091
-32767 -30699 -9692
-32767 -28674 -19138
-32767 -25632 -18997
-32767 -26786 -15494
-32767 -32767 -15998
-32767 -32767 -23216
-32767 -32767 -32767
-32767 -32767 -32767
-32767 -17672 -32767
-32767 1681 -32704
-32767 23135 -24648
-32767 32767 -16511
-32767 32767 -8441
-32767 32767 407
-32767 32767 9991
-15891 32767 19513
6256 32767 28633
32767 30110 32767
32767 11699 32767
32767 -7284 32767
32767 -25053 32767
32767 -32767 30615
32767 -32767 19306
10797 -32767 7128
-32767 -32767 -6004
-32767 -32767 -20441
-32767 -32767 -32767
-32767 -32767 -32767
-32767 -32767 -32767
-32767 -17984 -32767
-32767 -2569 -32767
-32767 12413 -29926
-32767 25895 -6101
-23509 32767 18547
4271 32767 32767
24383 32767 32767
32767 32767 32767
32767 27330 32767
32767 8011 32767
32767 -13627 29441
30259 -29298 12044
-19524 -32767 -8394
-32767 -30170 -28331
-32767 -21560 -32767
-32767 -10880 -32767
-32767 3591 -32767
-32767 22029 -32767
-32767 32767 -32382
-32767 32767 -7479
-5293 24876 24606
32767 7606 32767
32767 -4714 32767
32767 -10707 32767
32767 -13112 32767
32767 -15826 32767
32767 -22009 32767
32767 -30412 31221
21000 -32767 15693
-15583 -32767 4618
-32767 -32767 -957
-32767 -30996 -2756
-32767 -22966 -5410
-32767 -17405 -13940
-32767 -14063 -28482
-32767 -8702 -32767
-32767 1481 -32767
-32767 12952 -32767
-32767 21045 -32767
-32767 25198 -28981
-32767 25632 -22189
-32767 21540 -18785
-32767 14111 -18977
-26430 7441 -17113
-12276 7451 -5171
-69 16820 16677
7797 28736 32767
11201 32767 32767
13278 26903 32767
15382 13399 32767
13127 -1728 32511
1744 -9756 16706
-15211 -5064 -1378
-27641 8178 -14055
-29951 19158 -14946
-26576 15901 -6980
-25395 -4500 -397
-31584 -31386 -2758
-32767 -32767 -8862
-32767 -32767 -6162
-20891 -32767 8755
5871 -24946 25862
20981 -7341 32767
19070 2103 28901
6258 -936 19111
-10747 -11824 9061
-30274 -19902 -2094
-32767 -15532 -16073
-32767 2674 -29193
-32767 24272 -32767
-32767 32767 -26561
-32767 24476 -9865
-32767 7107 8085
-32767 -1119 16665
-32767 6462 8818
-32767 22591 -11233
-32767 32767 -28363
-32767 32767 -28553
-32767 18131 -11345
-8174 1393 12097
32767 -954 32767
32767 13619 32767
32767 32277 32767
32767 32767 32767
32767 23300 32767
32767 -9002 32767
24745 -32767 12708
-28420 -32767 -23993
-32767 -32767 -32767
-32767 -32767 -32767
-32767 -32767 -32767
-32767 -32767 -28840
-32767 -12852 2213
-201 17028 32767
18124 32767 32767
19531 32767 32767
5343 32767 32767
-23229 11197 20063
-32767 -5796 -21154
-32767 -13674 -32767
-32767 -14341 -32767
-32767 -6989 -32767
-32767 8220 -32767
-32767 23168 -32767
-32767 32072 -6432
-32767 32767 23713
-32767 32767 32767
-12854 32767 32767
10794 32767 32767
22053 32767 32767
26504 32767 27589
32767 16873 27192
32767 -1865 32767
32767 -15092 32767
32767 -18541 32767
32767 -15871 32767
32767 -16051 32767
32767 -23048 24402
14052 -32767 -7194
-31686 -32767 -29918
-32767 -32767 -32767
-32767 -20181 -32767
-32767 -7609 -24492
-32767 -2472 -7684
-32767 -2220 3869
-32767 -4402 5324
-32767 -7721 2831
-32767 -7671 5083
-6161 -944 10761
27413 8807 11749
28040 12178 4828
-7683 3074 -6663
-32767 -10677 -19798
-32767 -11751 -32767
-32767 5129 -32767
-32767 27043 -32767
-32767 32767 -20414
-55 32767 23396
32767 17767 32767
32767 -772 32767
18075 -23405 32767
149 -32767 8872
27 -32767 -21096
9750 -17649 -24229
12727 12346 -8368
4360 24828 11844
-7611 20244 28063
-15993 17040 32767
-19812 27046 32767
-21296 32767 32767
-20822 32767 20455
-16440 31004 2663
-13750 -5506 -8292
-24380 -32767 -11864
-32767 -32767 -14303
-32767 -32767 -20312
-32767 -32767 -27348
-32767 -32767 -26155
-25941 -27415 -7396
10065 -21754 29064
32767 -20176 32767
32767 -10061 32767
32767 12291 32767
32767 32767 32767
32767 32767 32767
32767 32767 26198
32767 32767 20446
32767 19964 15150
14092 9294 8017
-32767 1099 -5176
-32767 -6852 -30724
-32767 -8592 -32767
-32767 542 -32767
-32767 13991 -32767
-32767 22157 -32767
-32767 24823 25897
24832 22678 32767
32767 13572 32767
32767 1353 32767
32767 -6879 32767
18566 -8542 6936
-4410 -6183 -23961
-25884 -6527 -32767
-32767 -13442 -31243
-32767 -23070 -6817
-32767 -28369 16920
-32767 -24966 24467
-32767 -16291 14771
-32767 -7943 -358
-22229 4984 -7479
-11281 27031 463
-7400 32767 20453
-4623 32767 32767
-144 32767 32767
-3400 16081 32767
-21656 -6118 12949
-32767 -16908 -8538
-32767 -14610 -16954
-32767 -2103 -14661
-15737 12031 -10466
-11531 18626 -8911
-24770 10870 -9032
-32767 -7983 -6987
-32767 -21352 463
-16239 -17187 14004
29189 -832 32704
32767 9936 32767
32767 3823 32767
32767 -10890 32767
32767 -21570 32767
15219 -27520 32767
-29430 -32767 -5054
-32767 -32767 -32767
-32767 -32767 -32767
-32767 -32257 -32767
-32767 -5204 -32767
-32767 27415 -13512
-32767 32767 9040
-32767 32767 11330
-32767 32767 645
-32767 32767 -4402
-8300 25280 8611
17268 6567 32660
32767 4615 32767
32767 15557 32767
31063 26691 25064
16454 29508 10315
2191 22948 10583
4343 8590 24991
31164 -5239 32767
32767 -10675 32767
32767 -13846 32767
32767 -24731 32767
32767 -32767 32767
13839 -32767 29147
-30212 -32767 -19628
-32767 -32767 -32767
-32767 -10573 -32767
-32767 26272 -32767
-32767 32767 -32767
-32767 32767 2427
-32767 18573 28874
-32767 5593 32767
-29730 3359 32767
-32767 1833 24265
-32767 -6093 7170
-32767 -14995 -8166
-32767 -19090 -13227
-17167 -17877 -7457
-3911 -12940 1052
-3906 -2717 6038
-9295 11933 11087
-7055 21332 23815
5861 21749 32767
20301 23932 32767
22082 32767 32767
10310 32767 28175
4891 32767 11910
20455 19470 9383
32767 8792 11628
32767 8485 7701
32767 16578 -543
159 22751 -4278
-32767 15474 -1003
-32767 -2662 4222
-32767 -19929 7959
-32767 -27233 11287
-11181 -21090 16353
-3866 -8145 23956
-13174 -2225 31815
-31527 -11439 32767
-32767 -31708 19481
-32767 -32767 -11021
-32767 -32767 -32767
-32767 -32767 -32767
-32767 -11719 -28808
-8799 15959 7340
-400 32767 29057
-20616 32767 27201
-32767 32767 13875
-32767 16131 3489
-32767 -3948 6116
12226 -8508 26556
32767 3331 32767
32767 19375 32767
32767 28624 32767
32767 30944 32767
-10216 27678 26868
-32767 15874 -7990
-32767 -5381 -32767
-26881 -26389 -32767
-29328 -29753 -31292
-32767 -10001 -8329
-32767 17697 -1083
-32767 29870 -11245
-32767 12810 -20241
-22149 -19989 -13629
30157 -32767 5142
32767 -18189 25607
32767 30364 32767
32767 32767 32767
15804 32767 32767
-11375 32767 32767
-24966 11551 22914
-9839 -32767 2291
12886 -32767 -3698
9201 -32767 1091
-26095 -32767 7377
-32767 -17704 9931
-32767 10523 9931
-32767 16596 9040
-8157 11487 8842
7018 13754 12750
5067 21310 19323
-10906 17372 17918
-32767 692 -959
-32767 -9509 -31778
-32767 3014 -32767
-32767 31855 -32767
-30981 32767 -2705
27256 32767 32767
32767 32767 32767
32767 32767 32767
32767 25235 32767
31733 -4030 32767
10028 -32767 18072
-1844 -32767 -10001
-4161 -32767 -24265
-5017 -32767 -21522
-14122 -32767 -8149
-32767 -19185 3031
-32767 -9486 3433
-32767 -3578 -3744
-32767 -2103 -10145
-28887 -4170 -11187
-8273 -2914 -5434
-8648 6810 6797
-24651 21330 20796
-32767 32767 26632
-32767 32767 23180
-32767 31014 24618
-2777 31483 32767
32767 32767 32767
32767 32767 32767
32767 20291 32767
32767 -9654 32767
32767 -32767 32767
5946 -32767 19827
-32730 -29518 -6620
-32767 -15162 -23292
-32767 -6090 -21568
-32767 -5281 -8477
-32767 -10870 2678
-32767 -17402 1843
-32767 -20516 -13875
-32767 -13874 -32767
-32767 7466 -32767
-32767 32767 -32767
-32767 32767 -32767
-32767 32767 -29590
-22132 32767 13468
19916 32767 32767
32767 32767 32767
32767 32767 32767
32767 -95 32767
32767 -32767 32767
32767 -32767 32767
17584 -32767 -19163
-28422 -32767 -32767
-32767 -32767 -32767
-32767 -32767 -32767
-32767 -27660 -32767
-32767 -32767 -6751
-32767 -32767 32767
-32767 -32767 32767
-32767 -2165 32767
-32767 32767 32767
-2705 32767 32767
32767 32767 32767
32767 13874 32767
32767 -16074 32767
32767 -31933 32767
31410 -31328 23774
-5556 -15597 1052
-32767 6437 -32767
-32767 22838 -32767
-32767 30899 -32767
-32767 32767 -32767
-32767 32767 -13475
-32767 32767 9578
-32767 32767 14006
-32767 22094 8655
-32767 -310 6666
-27596 -8263 12183
-9387 -1408 21242
9586 5871 29166
31817 -5626 32767
32767 -32767 32767
32767 -32767 32767
32767 -32767 32767
32767 -30362 32767
32767 6283 22975
32767 28117 15647
32648 27972 20226
-4784 10820 32767
-32767 -11464 32767
-32767 -20618 32767
-32767 -8762 32767
-28852 11182 25996
846 19320 24309
25782 8285 28209
32767 -8812 29159
30378 -13447 17977
-1065 -1713 -9475
-32767 18611 -32767
-32767 32767 -32767
-32767 32767 -32767
-32767 25368 -32767
-32767 17305 -32767
-32767 20294 -1188
-17249 23275 32767
13569 19854 32767
32767 14543 32767
32767 7708 32767
32767 -5017 32767
32767 -22236 32767
32767 -32767 6936
32767 -32767 -6661
11278 -32145 -8906
-18968 -11636 -6763
-32767 7661 -730
-32767 21098 10929
-32767 28579 23053
-32767 27730 26700
-32767 18663 19844
-32767 1698 11718
-32767 -18014 9897
-27078 -27907 6408
-25544 -23073 -11367
-32767 -10955 -32767
-32767 -222 -32767
-32767 10980 -15572
-13623 24219 28329
30452 28579 32767
32767 21183 32767
32767 13307 32767
13802 10373 9198
-16301 4295 -14396
-32767 -13829 -25512
-32767 -32340 -22152
-30651 -30407 -5079
921 -9746 20594
32767 17794 32767
32767 32767 32767
32767 32767 32767
32767 32767 32767
21311 25707 32767
3414 4215 24937
-12055 -9394 18203
-32767 -12568 13811
-32767 -9619 8998
-32767 -4829 2992
-32767 -2120 -4691
-32767 -3563 -12192
-32767 -8440 -14488
-32767 -18810 -9534
-19529 -32767 3946
15705 -32767 30013
32767 -32767 32767
32767 -32767 32767
32767 -21607 32767
32767 -4482 32767
32767 6857 32767
12958 9322 17621
-32767 8108 -6530
-32767 10997 -20689
-30963 20284 -20582
-13566 26873 -10951
-26018 23088 -694
-32767 17941 3727
-32767 22299 -1402
-32767 32767 -17794
-32767 32767 -32767
-32767 32767 -32767
-32767 32767 -26444
-16616 20256 16845
11147 -9217 32767
32244 -29713 32767
32767 -32767 32767
32767 -23270 32767
32767 -7516 32767
32767 6575 26121
29581 7848 22381
26986 -8597 32049
32767 -32767 32767
32767 -32767 32767
25412 -25602 32767
1928 13706 18159
-32767 32767 -20209
-32767 32767 -32767
-32767 32752 -32767
-32767 31783 -27165
-32767 29735 -146
-32767 19095 13836
-32767 6340 11915
-32465 -627 3002
-32767 -3211 1049
-24286 -187 12981
7695 14181 32767
32767 32220 32767
32767 31173 32767
32767 8712 32767
32767 -16308 32767
-18938 -28144 -5349
-32767 -29121 -32767
-32767 -30222 -32767
-32767 -26439 -20153
-15904 -13986 4475
4678 -8805 32767
18097 -21345 32767
14204 -32767 32767
501 -21485 32767
2980 13891 13198
